 
===> 219/2/0rir.raku <===
1..18
ok 1 - 20 <- [39, 53, 174, 202, 208, 240, 244, 278, 340, 342]
ok 2 - 16 <- [1, 2, 3, 5, 7, 10, 11, 12, 14, 20, 30]
ok 3 - 18 <- [1, 2, 3, 5, 7, 10, 11, 12, 14, 20, 30]
ok 4 - 13 <- [1, 2, 3, 4, 5, 6, 7, 8, 9, 10, 11, 12, 13, 14]
ok 5 - 15 <- [1, 2, 3, 4, 5, 6, 7, 8, 9, 10, 11, 12, 13, 14, 15, 16, 17, 18, 19, 20, 21, 22, 23, 24, 25, 26, 27, 28, 29, 30, 31]
ok 6 - 14 <- [1, 2, 3, 4, 5, 6, 7, 8, 9, 10, 11, 12, 13, 14]
ok 7 - 19 <- [1, 2, 3, 5, 7, 10, 11, 12, 14, 20, 30]
ok 8 - 27 <- [39, 53, 174, 202, 208, 240, 244, 278, 340, 342]
ok 9 - 2 <- [1]
ok 10 - 4 <- [1, 2]
ok 11 - 6 <- [1, 2, 3]
ok 12 - 7 <- [1, 2, 3, 4]
ok 13 - 7 <- [1, 2, 3, 4, 5, 6, 7]
ok 14 - 9 <- [1, 2, 3, 4, 5, 6, 7, 8]
ok 15 - 20 <- [1, 2, 3, 5, 7, 10, 11, 12, 14, 20, 30, 31]
ok 16 - 20 <- [1, 2, 3, 5, 7, 10, 11, 12, 14, 20, 30, 31]
ok 17 - 20 <- [39, 53, 174, 202, 208, 240, 244, 278, 340, 342]
ok 18 - 75 <- [1, 2, 3, 4, 5, 6, 7, 10, 11, 12, 13, 14, 30, 31, 32, 33, 34, 35, 36, 37, 38, 39, 40, 41, 42, 43, 44, 45, 46, 47, 48, 49, 50, 51, 52, 53, 54, 55, 56, 57, 58, 59, 71, 194, 195, 196, 197, 198, 199, 200, 201, 202, 203, 204, 205, 208, 210, 213, 214, 215, 216, 219, 220, 221, 222, 227, 228, 229, 230, 238]

Input:	@pass = [1, 7, 30]
	@cost = [2, 7, 25]
	@day  = [1, 2, 3, 5, 7, 10, 11, 12, 14, 20, 30, 31]
Output:	20
 
===> 219/2/arne-sommer.raku <===
11
 
===> 219/2/bruce-gray.raku <===
1..2
ok 1 - 
ok 2 - 
 
===> 219/2/luca-ferrari.raku <===
11
 
===> 219/2/polettix.raku <===
11
 
===> 219/2/roger-bell-west.raku <===
1..2
ok 1 - example 1
ok 2 - example 2
 
===> 219/2/wambash.raku <===
ok 1 - 
ok 2 - 
ok 3 - 
1..3
