 
===> 134/2/abigail.pl <===
14
 
===> 134/2/adam-russell.pl <===
 x | 1 2 3
---+------
 1 | 1 2 3
 2 | 2 4 6
 3 | 3 6 9
Distinct Terms: 1, 2, 3, 4, 6, 9
Count: 6


 x | 1 2 3 4 5
---+----------
 1 | 1 2 3 4 5
 2 | 2 4 6 8 10
 3 | 3 6 9 12 15
 4 | 4 8 12 16 20
 5 | 5 10 15 20 25
Distinct Terms: 1, 2, 3, 4, 5, 6, 8, 9, 10, 12, 15, 16, 20, 25
Count: 14
 
===> 134/2/andrezgz.pl <===
 x |  1  2  3  4  5
---|---------------
 1 |  1  2  3  4  5
 2 |  2  4  6  8 10
 3 |  3  6  9 12 15
 4 |  4  8 12 16 20
 5 |  5 10 15 20 25
Distinct Terms: 1,2,3,4,5,6,8,9,10,12,15,16,20,25
Count: 14
 
===> 134/2/arne-sommer.pl <===
x | 1  2  3  4  5
--+---------------
1 | 1  2  3  4  5
2 | 2  4  6  8 10
3 | 3  6  9 12 15
4 | 4  8 12 16 20
5 | 5 10 15 20 25

Distinct Terms: 1, 2, 3, 4, 5, 6, 8, 9, 10, 12, 15, 16, 20, 25
Count: 14
 
===> 134/2/athanasius.pl <===
Input: $m = 5, $n = 5

      x | 1  2  3  4  5
      --+--------------
      1 | 1  2  3  4  5
      2 | 2  4  6  8 10
      3 | 3  6  9 12 15
      4 | 4  8 12 16 20
      5 | 5 10 15 20 25

Distinct Terms: 1, 2, 3, 4, 5, 6, 8, 9, 10, 12, 15, 16, 20, 25
Count: 14
 
===> 134/2/cheok-yin-fung.pl <===
x |  1  2  3  4  5
--+---------------
1 |  1  2  3  4  5
2 |  2  4  6  8 10
3 |  3  6  9 12 15
4 |  4  8 12 16 20
5 |  5 10 15 20 25
Distinct Terms:
1, 2, 3, 4, 5, 6, 8, 9, 10, 12, 15, 16, 20, 25
Count: 14
 
===> 134/2/dave-jacoby.pl <===
$x = 5 , $y = 5 

  x   |   1   2   3   4   5
------+--------------------
  1   |   1   2   3   4   5
  2   |   2   4   6   8  10
  3   |   3   6   9  12  15
  4   |   4   8  12  16  20
  5   |   5  10  15  20  25

Distinct Terms: 1, 2, 3, 4, 5, 6, 8, 9, 10, 12, 15, 16, 20, 25
Count: 14
 
===> 134/2/duncan-c-white.pl <===
x | 1  2  3  4  5 
--+--------------
1 | 1  2  3  4  5 
2 | 2  4  6  8 10 
3 | 3  6  9 12 15 
4 | 4  8 12 16 20 
5 | 5 10 15 20 25 
Distinct Terms: 1, 2, 3, 4, 5, 6, 8, 9, 10, 12, 15, 16, 20, 25
Count: 14
 
===> 134/2/e-choroba.pl <===
x | 1  2  3  4  5
--+--------------
1 | 1  2  3  4  5
2 | 2  4  6  8 10
3 | 3  6  9 12 15
4 | 4  8 12 16 20
5 | 5 10 15 20 25
Distinct terms: 1, 2, 3, 4, 5, 6, 8, 9, 10, 12, 15, 16, 20, 25
Count: 14
 
===> 134/2/jaldhar-h-vyas.pl <===
x | 1  2  3  4  5 
--+--------------
1 | 1  2  3  4  5 
2 | 2  4  6  8 10 
3 | 3  6  9 12 15 
4 | 4  8 12 16 20 
5 | 5 10 15 20 25 

Distinct Terms: 1, 2, 3, 4, 5, 6, 8, 9, 10, 12, 15, 16, 20, 25
Count: 14
 
===> 134/2/james-smith.pl <===
ok 1
ok 2
1..2
 
===> 134/2/jo-37.pl <===
# Seeded srand with seed '1234' from import arg.
ok 1 - example 1
ok 2 - example 2
1..2
 
===> 134/2/laurent-rosenfeld.pl <===
x |  1   2   3   4   5
1 |  1   2   3   4   5
2 |  2   4   6   8  10
3 |  3   6   9  12  15
4 |  4   8  12  16  20
5 |  5  10  15  20  25
Distinct terms: 1 10 12 15 16 2 20 25 3 4 5 6 8 9
Count: 14
 
===> 134/2/mattneleigh.pl <===
Input: $m = 3, $n = 3
Output:

      x | 1 2 3
      --+------
      1 | 1 2 3
      2 | 2 4 6
      3 | 3 6 9

Distinct Terms: 1, 2, 3, 4, 6, 9
Count: 6


Input: $m = 5, $n = 5
Output:

      x |  1  2  3  4  5
      --+---------------
      1 |  1  2  3  4  5
      2 |  2  4  6  8 10
      3 |  3  6  9 12 15
      4 |  4  8 12 16 20
      5 |  5 10 15 20 25

Distinct Terms: 1, 2, 3, 4, 5, 6, 8, 9, 10, 12, 15, 16, 20, 25
Count: 14


 
===> 134/2/mohammad-anwar.pl <===
x | 1  2  3  4  5
--+--------------
1 | 1  2  3  4  5
2 | 2  4  6  8 10
3 | 3  6  9 12 15
4 | 4  8 12 16 20
5 | 5 10 15 20 25

Distinct Terms: 1, 2, 3, 4, 5, 6, 8, 9, 10, 12, 15, 16, 20, 25
Count: 14
 
===> 134/2/olivier-delouya.pl <===
x | 1  2  3  4  5
--+--------------
1 | 1  2  3  4  5
2 | 2  4  6  8 10
3 | 3  6  9 12 15
4 | 4  8 12 16 20
5 | 5 10 15 20 25
Distinct Terms: 1, 2, 3, 4, 5, 6, 8, 9, 10, 12, 15, 16, 20, 25,  
Count: 14 
===> 134/2/paulo-custodio.pl <===
14
 
===> 134/2/pete-houston.pl <===
x |   1  2  3  4  5
--+----------------
1 |   1  2  3  4  5
2 |   2  4  6  8 10
3 |   3  6  9 12 15
4 |   4  8 12 16 20
5 |   5 10 15 20 25

Distinct Terms: 1, 2, 3, 4, 5, 6, 8, 9, 10, 12, 15, 16, 20, 25
Count: 14
 
===> 134/2/peter-campbell-smith.pl <===

Input: $m = 5, $n = 5
Output:

  x |  1  2  3  4  5
----+---------------
  1 |  1  2  3  4  5
  2 |  2  4  6  8 10
  3 |  3  6  9 12 15
  4 |  4  8 12 16 20
  5 |  5 10 15 20 25

Distinct terms: 1, 2, 3, 4, 5, 6, 8, 9, 10, 12, 15, 16, 20, 25
Count: 14

 
===> 134/2/polettix.pl <===

      x | 1  2  3  4  5
      --+--------------
      1 | 1  2  3  4  5
      2 | 2  4  6  8 10
      3 | 3  6  9 12 15
      4 | 4  8 12 16 20
      5 | 5 10 15 20 25

Distinct Terms: 1, 2, 3, 4, 5, 6, 8, 9, 10, 12, 15, 16, 20, 25
Count: 14
 
===> 134/2/roger-bell-west.pl <===
x | 1 2 3
--+------
1 | 1 2 3
2 | 2 4 6
3 | 3 6 9

Distinct Terms: 1, 2, 3, 4, 6, 9
Count: 6
x |  1  2  3  4  5
--+---------------
1 |  1  2  3  4  5
2 |  2  4  6  8 10
3 |  3  6  9 12 15
4 |  4  8 12 16 20
5 |  5 10 15 20 25

Distinct Terms: 1, 2, 3, 4, 5, 6, 8, 9, 10, 12, 15, 16, 20, 25
Count: 14
 
===> 134/2/sgreen.pl <===
 x |  1  2  3  4  5
---+---------------
 1 |  1  2  3  4  5
 2 |  2  4  6  8 10
 3 |  3  6  9 12 15
 4 |  4  8 12 16 20
 5 |  5 10 15 20 25

Distinct Terms: 1, 2, 3, 4, 5, 6, 8, 9, 10, 12, 15, 16, 20, 25
Count: 14
 
===> 134/2/steven-wilson.pl <===
Input: $m =  5, $n = 5
Output:

| x | 1 |  2 |  3 |  4 |  5 |
+---+---+----+----+----+----+
| 1 | 1 |  2 |  3 |  4 |  5 |
| 2 | 2 |  4 |  6 |  8 | 10 |
| 3 | 3 |  6 |  9 | 12 | 15 |
| 4 | 4 |  8 | 12 | 16 | 20 |
| 5 | 5 | 10 | 15 | 20 | 25 |

Distinct Terms: 1, 2, 3, 4, 5, 6, 8, 9, 10, 12, 15, 16, 20, 25
Count: 14
 
===> 134/2/wanderdoc.pl <===
  x  |  1  2  3  4  5
---------------------
  1  |  1  2  3  4  5
  2  |  2  4  6  8 10
  3  |  3  6  9 12 15
  4  |  4  8 12 16 20
  5  |  5 10 15 20 25

Distinct Terms: 1, 2, 3, 4, 5, 6, 8, 9, 10, 12, 15, 16, 20, 25
Count: 14
 
===> 134/2/wlmb.pl <===
Input: m=5, n=5
Output: 
[
 [ 1  2  3  4  5]
 [ 2  4  6  8 10]
 [ 3  6  9 12 15]
 [ 4  8 12 16 20]
 [ 5 10 15 20 25]
]

Distinct terms: [1 2 3 4 5 6 8 9 10 12 15 16 20 25]
Count: 14;
