 
===> 134/2/arne-sommer.raku <===
x | 1  2  3  4  5
--+--------------
1 | 1  2  3  4  5
2 | 2  4  6  8 10
3 | 3  6  9 12 15
4 | 4  8 12 16 20
5 | 5 10 15 20 25

Distinct Terms: 1, 2, 3, 4, 5, 6, 8, 9, 10, 12, 15, 16, 20, 25
Count: 14
 
===> 134/2/athanasius.raku <===
Input: $m = 5, $n = 5

      x | 1  2  3  4  5
      --+--------------
      1 | 1  2  3  4  5
      2 | 2  4  6  8 10
      3 | 3  6  9 12 15
      4 | 4  8 12 16 20
      5 | 5 10 15 20 25

Distinct Terms: 1, 2, 3, 4, 5, 6, 8, 9, 10, 12, 15, 16, 20, 25
Count: 14
 
===> 134/2/ben-davies.raku <===
╭─┬──┬──┬──┬──┬──╮
│✕│ 1│ 2│ 3│ 4│ 5│
├─╆━━┿━━┿━━┿━━┿━━┪
│1┃ 1│ 2│ 3│ 4│ 5┃
│2┃ 2│ 4│ 6│ 8│10┃
│3┃ 3│ 6│ 9│12│15┃
│4┃ 4│ 8│12│16│20┃
│5┃ 5│10│15│20│25┃
╰─┺━━┷━━┷━━┷━━┷━━┛
Distinct Terms: 1 2 3 4 5 6 8 9 10 12 15 16 20 25
Count: 14
 
===> 134/2/feng-chang.raku <===
x | 1  2  3  4  5
--+--------------
1 | 1  2  3  4  5
2 | 2  4  6  8 10
3 | 3  6  9 12 15
4 | 4  8 12 16 20
5 | 5 10 15 20 25

Distinct Terms: 1, 2, 3, 4, 5, 6, 8, 9, 10, 12, 15, 16, 20, 25
Count: 14
 
===> 134/2/jaldhar-h-vyas.raku <===
x | 1  2  3  4  5
--+--------------
1 | 1  2  3  4  5 
2 | 2  4  6  8 10 
3 | 3  6  9 12 15 
4 | 4  8 12 16 20 
5 | 5 10 15 20 25 

Distinct Terms: 1, 2, 3, 4, 5, 6, 8, 9, 10, 12, 15, 16, 20, 25
Count: 14
 
===> 134/2/laurent-rosenfeld.raku <===
x |  1   2   3   4   5
1 |  1   2   3   4   5
2 |  2   4   6   8  10
3 |  3   6   9  12  15
4 |  4   8  12  16  20
5 |  5  10  15  20  25
6 |  6  12  18  24  30
7 |  7  14  21  28  35
Distinct terms: 1 2 3 4 5 6 7 8 9 10 12 14 15 16 18 20 21 24 25 28 30 35
Count: 22
 
===> 134/2/luca-ferrari.raku <===
  x	|	1	2	3	4	5
--------|------------------------------------------------
  1	|	1	2	3	4	5
  2	|	2	4	6	8	10
  3	|	3	6	9	12	15
  4	|	4	8	12	16	20
  5	|	5	10	15	20	25

Distinct values: 
1, 2, 3, 4, 5, 6, 8, 10, 9, 12, 15, 16, 20, 25
 
===> 134/2/mark-anderson.raku <===
1  2  3  4  5
2  4  6  8 10
3  6  9 12 15
4  8 12 16 20
5 10 15 20 25

Distinct Terms: 1, 2, 3, 4, 5, 6, 8, 9, 10, 12, 15, 16, 20, 25
Count: 14
 
===> 134/2/polettix.raku <===

      x | 1  2  3  4  5
      --+--------------
      1 | 1  2  3  4  5
      2 | 2  4  6  8 10
      3 | 3  6  9 12 15
      4 | 4  8 12 16 20
      5 | 5 10 15 20 25

Distinct Terms: 1, 2, 3, 4, 5, 6, 8, 9, 10, 12, 15, 16, 20, 25
Count: 14
 
===> 134/2/roger-bell-west.raku <===
x |  1  2  3  4  5
--+---------------
1 |  1  2  3  4  5
2 |  2  4  6  8 10
3 |  3  6  9 12 15
4 |  4  8 12 16 20
5 |  5 10 15 20 25

Distinct Terms: 1, 2, 3, 4, 5, 6, 8, 9, 10, 12, 15, 16, 20, 25
Count: 14
 
===> 134/2/simon-proctor.raku <===
 x | 1  2  3  4  5
------------------
 1 | 1  2  3  4  5
 2 | 2  4  6  8 10
 3 | 3  6  9 12 15
 4 | 4  8 12 16 20
 5 | 5 10 15 20 25
Distinct Terms: 1, 2, 3, 4, 5, 6, 8, 9, 10, 12, 15, 16, 20, 25
Count: 14
 
===> 134/2/ulrich-rieke.raku <===
 
x |  1  2  3  4  5
--+---------------
1 |  1  2  3  4  5
2 |  2  4  6  8 10
3 |  3  6  9 12 15
4 |  4  8 12 16 20
5 |  5 10 15 20 25
 
Distinct Terms: 1, 2, 3, 4, 5, 6, 8, 9, 10, 12, 15, 16, 20, 25
Count: 14
 
===> 134/2/wambash.raku <===
ok 1 - 
ok 2 - 
ok 3 - 
ok 4 - 
ok 5 - 
1..5
