 
===> 154/2/0rir.raku <===
2, 3, 5, 7, 37, 151, 3329, 23833, 13091204281, 3093215881333057
 
===> 154/2/2colours.raku <===
(2 3 5 7 37 151 3329 23833 13091204281 3093215881333057)
 
===> 154/2/arne-sommer.raku <===
1, 1, 1, 2, 2, 3, 4, 5, 7, 9
 
===> 154/2/athanasius.raku <===
The first 10 distinct Padovan Primes:
2, 3, 5, 7, 37, 151, 3329, 23833, 13091204281, 3093215881333057
 
===> 154/2/bruce-gray.raku <===
(2 3 5 7 37 151 3329 23833 13091204281 3093215881333057)
 
===> 154/2/colin-crain.raku <===
2
3
5
7
37
151
3329
23833
13091204281
3093215881333057
1363005552434666078217421284621279933627102780881053358473
1558877695141608507751098941899265975115403618621811951868598809164180630185566719
9514203022010025394023102730908438531208701419096004247531838174629003586002086450683209161195000703512605873489625155263832444165133265702781668278617857
 
===> 154/2/gfldex.raku <===
(2 3 5 7 37 151 3329 23833 13091204281 3093215881333057)
(2 3 5 7 37 151 3329 23833 13091204281 3093215881333057)
 
===> 154/2/jaldhar-h-vyas.raku <===
2, 3, 5, 7, 37, 151, 3329, 23833, 13091204281, 3093215881333057
 
===> 154/2/laurent-rosenfeld.raku <===
2 3 5 7 37 151 3329 23833 13091204281 3093215881333057  
===> 154/2/luca-ferrari.raku <===
2, 3, 5, 7, 37, 151, 3329, 23833, 13091204281, 3093215881333057, 1363005552434666078217421284621279933627102780881053358473
 
===> 154/2/mark-anderson.raku <===
(2 3 5 7 37 151 3329 23833 13091204281 3093215881333057)
 
===> 154/2/mark-senn.raku <===
2, 3, 5, 7, 37, 151, 3329, 23833, 13091204281, 3093215881333057
 
===> 154/2/polettix.raku <===
2, 3, 5, 7, 37, 151, 3329, 23833, 13091204281, 3093215881333057
 
===> 154/2/robert-dicicco.raku <===
(2 3 5 7 37 151 3329 23833 13091204281 3093215881333057)
 
===> 154/2/roger-bell-west.raku <===
1..1
ok 1 - example for MoarVM
 
===> 154/2/ulrich-rieke.raku <===
2,3,5,7,37,151,3329,23833,13091204281,3093215881333057
 
===> 154/2/wambash.raku <===
2 3 5 7 37 151 3329 23833 13091204281 3093215881333057
