 
===> 122/2/abigail.pl <===
1 1 1 1 
1 1 2 
1 2 1 
1 3 
2 1 1 
2 2 
3 1 
 
===> 122/2/adam-russell.pl <===
$S = 4
3 1
1 3
2 2
1 2 1
1 1 2
2 1 1
1 1 1 1

$S = 5
3 2
2 3
2 2 1
1 3 1
3 1 1
1 1 3
1 2 2
2 1 2
2 1 1 1
1 2 1 1
1 1 1 2
1 1 2 1
1 1 1 1 1
 
===> 122/2/arne-sommer.pl <===
1 1 1 1
1 1 2
1 2 1
1 3
2 1 1
2 2
3 1
 
===> 122/2/athanasius.pl <===
Input:  $S = 4
Output: 1 1 1 1
        1 1 2
        1 2 1
        1 3
        2 1 1
        2 2
        3 1
 
===> 122/2/bruce-gray.pl <===
1 1 1 1
1 1 2
1 2 1
1 3
2 1 1
2 2
3 1
 
===> 122/2/cheok-yin-fung.pl <===
Number of ways: 7

1111
112
121
211
22
13
31
 
===> 122/2/colin-crain.pl <===
1 3
2 2
3 1
1 1 2
1 2 1
2 1 1
1 1 1 1
 
===> 122/2/dave-jacoby.pl <===
INPUT:	$s = 1
OUTPUT:	1

INPUT:	$s = 2
OUTPUT:	1 1
	2

INPUT:	$s = 3
OUTPUT:	1 1 1
	1 2
	2 1
	3

INPUT:	$s = 4
OUTPUT:	1 1 1 1
	1 1 2
	1 2 1
	1 3
	2 1 1
	2 2
	3 1

 
===> 122/2/duncan-c-white.pl <===
 1 1 1 1
 1 1 2
 1 2 1
 1 3
 2 1 1
 2 2
 3 1
 
===> 122/2/e-choroba.pl <===
# Seeded srand with seed '1234' from import arg.
1..2
ok 1
ok 2
 
===> 122/2/jaldhar-h-vyas.pl <===
1 1 1 1
1 1 2
1 2 1
1 3
2 1 1
2 2
3 1
 
===> 122/2/jaredor.pl <===
ok 1 - Ways to score 4 in basketball.
ok 2 - Ways to score 5 in basketball.
1..2
 
===> 122/2/jo-37.pl <===
1 1 1 1
1 1 2
1 2 1
1 3
2 1 1
2 2
3 1
 
===> 122/2/laurent-rosenfeld.pl <===
1 1 1 1
1 1 2
1 2 1
1 3
2 1 1
2 2
3 1
 
===> 122/2/lubos-kolouch.pl <===
 > 1
1 > 1 1
1 1 > 1 1 1
1 1 1 > 1 1 1 1
*********** SCORE: 1 1 1 1
1 1 1 ^ 1 1 2
*********** SCORE: 1 1 2
1 1 ^ 1 2
1 2 > 1 2 1
*********** SCORE: 1 2 1
1 2 ^ 1 3
*********** SCORE: 1 3
1 ^ 2
2 > 2 1
2 1 > 2 1 1
*********** SCORE: 2 1 1
2 1 ^ 2 2
*********** SCORE: 2 2
2 ^ 3
3 > 3 1
*********** SCORE: 3 1
ok 1
 > 1
1 > 1 1
1 1 > 1 1 1
1 1 1 > 1 1 1 1
1 1 1 1 > 1 1 1 1 1
*********** SCORE: 1 1 1 1 1
1 1 1 1 ^ 1 1 1 2
*********** SCORE: 1 1 1 2
1 1 1 ^ 1 1 2
1 1 2 > 1 1 2 1
*********** SCORE: 1 1 2 1
1 1 2 ^ 1 1 3
*********** SCORE: 1 1 3
1 1 ^ 1 2
1 2 > 1 2 1
1 2 1 > 1 2 1 1
*********** SCORE: 1 2 1 1
1 2 1 ^ 1 2 2
*********** SCORE: 1 2 2
1 2 ^ 1 3
1 3 > 1 3 1
*********** SCORE: 1 3 1
1 ^ 2
2 > 2 1
2 1 > 2 1 1
2 1 1 > 2 1 1 1
*********** SCORE: 2 1 1 1
2 1 1 ^ 2 1 2
*********** SCORE: 2 1 2
2 1 ^ 2 2
2 2 > 2 2 1
*********** SCORE: 2 2 1
2 2 ^ 2 3
*********** SCORE: 2 3
2 ^ 3
3 > 3 1
3 1 > 3 1 1
*********** SCORE: 3 1 1
3 1 ^ 3 2
*********** SCORE: 3 2
ok 2
1..2
 
===> 122/2/mattneleigh.pl <===
Score: 4
Permutations:
    1 1 1 1
    1 1 2
    1 2 1
    1 3
    2 1 1
    2 2
    3 1

Score: 5
Permutations:
    1 1 1 1 1
    1 1 1 2
    1 1 2 1
    1 1 3
    1 2 1 1
    1 2 2
    1 3 1
    2 1 1 1
    2 1 2
    2 2 1
    2 3
    3 1 1
    3 2

 
===> 122/2/paulo-custodio.pl <===
1 1 1 1
1 1 2
1 2 1
1 3
2 1 1
2 2
3 1
 
===> 122/2/perlboy1967.pl <===
ok 1
ok 2
ok 3
1..3
 
===> 122/2/pete-houston.pl <===
1 1 1 1
2 1 1
1 2 1
1 1 2
1 3
3 1
2 2
 
===> 122/2/polettix.pl <===
3 1
1 3
2 2
2 1 1
1 2 1
1 1 2
1 1 1 1
 
===> 122/2/roger-bell-west.pl <===
1..2
ok 1 - example 1
ok 2 - example 2
 
===> 122/2/sgreen.pl <===
1 3
1 1 2
1 1 1 1
1 2 1
2 2
2 1 1
3 1
 
===> 122/2/stuart-little.pl <===
1 1 1 1
1 1 2
1 2 1
1 3
2 1 1
2 2
3 1
 
===> 122/2/ulrich-rieke.pl <===
1 1 1 1
1 1 2
1 2 1
2 1 1
1 3
2 2
3 1
 
===> 122/2/wanderdoc.pl <===
1 3
3 1
1 1 2
1 2 1
2 1 1
1 1 1 1
2 2
 
===> 122/2/wlmb.pl <===
Input: 4
Output:
	1 1 1 1
	2 1 1
	1 2 1
	3 1
	1 1 2
	2 2
	1 3
