 
===> 122/2/andinus.raku <===
1 3
2 2
3 1
1 1 2
1 2 1
2 1 1
1 1 1 1
 
===> 122/2/arne-sommer.raku <===
1 1 1 1
1 1 2
1 2 1
1 3
2 1 1
2 2
3 1
 
===> 122/2/athanasius.raku <===
Input:  $S = 4
Output: 1 1 1 1
        1 1 2
        1 2 1
        1 3
        2 1 1
        2 2
        3 1
 
===> 122/2/bruce-gray.raku <===
1 1 1 1
1 1 2
1 2 1
1 3
2 1 1
2 2
3 1
 
===> 122/2/colin-crain.raku <===
2 3
3 2
1 1 3
1 2 2
1 3 1
2 1 2
2 2 1
3 1 1
1 1 1 2
1 1 2 1
1 2 1 1
2 1 1 1
1 1 1 1 1
 
===> 122/2/feng-chang.raku <===
1 1 1 1
1 1 2
1 2 1
1 3
2 1 1
2 2
3 1
 
===> 122/2/jaldhar-h-vyas.raku <===
1 1 1 1
1 1 2
1 2 1
1 3
2 1 1
2 2
3 1
 
===> 122/2/laurent-rosenfeld.raku <===
1 1 1 1
1 1 2
1 2 1
1 3
2 1 1
2 2
3 1
 
===> 122/2/luc65r.raku <===
1 1 1 1
1 1 2
1 2 1
1 3
2 1 1
2 2
3 1
 
===> 122/2/luca-ferrari.raku <===
1111
112
121
13
22
211
31
 
===> 122/2/mark-anderson.raku <===
(3 1)
(2 1 1)
(2 2)
(1 1 2)
(1 1 1 1)
(1 2 1)
(1 3)
 
===> 122/2/markus-holzer.raku <===
([1 1 1 1] [1 1 2] [1 2 1] [1 3] [2 1 1] [2 2] [3 1])
 
===> 122/2/polettix.raku <===
3 1
1 3
2 2
2 1 1
1 2 1
1 1 2
1 1 1 1
 
===> 122/2/simon-proctor.raku <===
1,3
3,1
2,2
1,1,2
1,2,1
2,1,1
1,1,1,1
 
===> 122/2/stuart-little.raku <===
[1 1 1 1]
[1 1 2]
[1 2 1]
[1 3]
[2 1 1]
[2 2]
[3 1]
