 
===> 007/1/adam-russell.pl <===
1 2 3 4 5 6 7 8 9 10 12 18 20 21 24 27 30 36 40 42 45 48 50 54 60 63 70 72 80 81 84 90 100 102 108 110 111 112 114 117 120 126 132 133 135 140 144 150 152 153 
 
===> 007/1/alicia-bielsa.pl <===
1
2
3
4
5
6
7
8
9
10
12
18
20
21
24
27
30
36
40
42
45
48
50
 
===> 007/1/andrezgz.pl <===
1
2
3
4
5
6
7
8
9
10
12
18
20
21
24
27
30
36
40
42
45
48
50
 
===> 007/1/athanasius.pl <===
1
2
3
4
5
6
7
8
9
10
12
18
20
21
24
27
30
36
40
42
45
48
50
 
===> 007/1/dave-jacoby.pl <===
1
2
3
4
5
6
7
8
9
10
12
18
20
21
24
27
30
36
40
42
45
48
50
 
===> 007/1/e-choroba.pl <===
1
2
3
4
5
6
7
8
9
10
12
18
20
21
24
27
30
36
40
42
45
48
50
 
===> 007/1/guillermo-ramos.pl <===
1
2
3
4
5
6
7
8
9
10
12
18
20
21
24
27
30
36
40
42
45
48
50
 
===> 007/1/gustavo-chaves.pl <===
1
2
3
4
5
6
7
8
9
10
12
18
20
21
24
27
30
36
40
42
45
48
50
 
===> 007/1/jaldhar-h-vyas.pl <===
0
1
2
3
4
5
6
7
8
9
10
12
18
20
21
24
27
30
36
40
42
45
48
50
 
===> 007/1/joelle-maslak.pl <===
1
2
3
4
5
6
7
8
9
10
12
18
20
21
24
27
30
36
40
42
45
48
50
 
===> 007/1/kian-meng-ang.pl <===
1|2|3|4|5|6|7|8|9|10|12|18|20|21|24|27|30|36|40|42|45|48|50
 
===> 007/1/lakpatashi.pl <===
1
2
3
4
5
6
7
8
9
10
12
18
20
21
24
27
30
36
40
42
45
48
50
 
===> 007/1/laurent-rosenfeld.pl <===
1
2
3
4
5
6
7
8
9
10
12
18
20
21
24
27
30
36
40
42
45
48
50
 
===> 007/1/max-kossek.pl <===
1
2
3
4
5
6
7
8
9
10
12
18
20
21
24
27
30
36
40
42
45
48
50 
===> 007/1/maxim-nechaev.pl <===
1
2
3
4
5
6
7
8
9
10
12
18
20
21
24
27
30
36
40
42
45
48
50
 
===> 007/1/paulo-custodio.pl <===
1
2
3
4
5
6
7
8
9
10
12
18
20
21
24
27
30
36
40
42
45
48
50
 
===> 007/1/ruben-westerberg.pl <===
1
2
3
4
5
6
7
8
9
10
12
18
20
21
24
27
30
36
40
42
45
48
50