 
===> 007/1/arne-sommer.raku <===
1
2
3
4
5
6
7
8
9
10
12
18
20
21
24
27
30
36
40
42
45
48
50
 
===> 007/1/finley.raku <===
1
2
3
4
5
6
7
8
9
10
12
18
20
21
24
27
30
36
40
42
45
48
50
 
===> 007/1/fjwhittle.raku <===
1
2
3
4
5
6
7
8
9
10
12
18
20
21
24
27
30
36
40
42
45
48
50
 
===> 007/1/jaldhar-h-vyas.raku <===
0
1
2
3
4
5
6
7
8
9
10
12
18
20
21
24
27
30
36
40
42
45
48
50
 
===> 007/1/jo-christian-oterhals.raku <===
1
2
3
4
5
6
7
8
9
10
12
18
20
21
24
27
30
36
40
42
45
48
50
 
===> 007/1/joelle-maslak.raku <===
1
2
3
4
5
6
7
8
9
10
12
18
20
21
24
27
30
36
40
42
45
48
50
 
===> 007/1/laurent-rosenfeld.raku <===
1
2
3
4
5
6
7
8
9
10
12
18
20
21
24
27
30
36
40
42
45
48
50
 
===> 007/1/ozzy.raku <===
1
2
3
4
5
6
7
8
9
10
12
18
20
21
24
27
30
36
40
42
45
48
50
 
===> 007/1/ruben-westerberg.raku <===
1
2
3
4
5
6
7
8
9
10
12
18
20
21
24
27
30
36
40
42
45
48
50
 
===> 007/1/ryan-thompson.raku <===
1
2
3
4
5
6
7
8
9
10
12
18
20
21
24
27
30
36
40
42
45
48
50
 
===> 007/1/simon-proctor.raku <===
1
2
3
4
5
6
7
8
9
10
12
18
20
21
24
27
30
36
40
42
45
48
50
 
===> 007/1/stuart-little.raku <===
0
1
2
3
4
5
6
7
8
9
10
12
18
20
21
24
27
30
36
40
42
45
48
50
 
===> 007/1/uzluisf.raku <===
1
2
3
4
5
6
7
8
9
10
12
18
20
21
24
27
30
36
40
42
45
48
50
