 
===> 088/2/abigail.pl <===
1, 2, 3, 4, 8, 12, 16, 15, 14, 13, 9, 5, 6, 7, 11, 10
 
===> 088/2/adam-russell.pl <===
[1, 2, 3, 6, 9, 8, 7, 4, 5, ]
[1, 2, 3, 4, 8, 12, 16, 15, 14, 13, 9, 5, 6, 7, 11, 10, ]
 
===> 088/2/alexander-pankoff.pl <===
1, 2, 3, 4, 8, 12, 16, 15, 14, 13, 9, 5, 6, 7, 11, 10
 
===> 088/2/cheok-yin-fung.pl <===
[1, 2, 3, 4, 5, 6, 7, 8, 9, 10]
[28, 29, 30, 31, 32, 33, 34, 35, 36, 11]
[27, 48, 49, 50, 51, 52, 53, 54, 37, 12]
[26, 47, 60, 59, 58, 57, 56, 55, 38, 13]
[25, 46, 45, 44, 43, 42, 41, 40, 39, 14]
[24, 23, 22, 21, 20, 19, 18, 17, 16, 15]
test end
 
===> 088/2/colin-crain.pl <===
1 2 3 4 8 12 11 10 9 5 6 7
 
===> 088/2/dave-jacoby.pl <===
[1, 2, 3, 6, 9, 8, 7, 4, 5]

[1, 2, 3, 4, 8, 12, 16, 15, 14, 13, 9, 5, 6, 7, 11, 10]

 
===> 088/2/duane-powell.pl <===


Input:
	[  1,  2,  3, ]
	[  4,  5,  6, ]
	[  7,  8,  9, ]

Output:
	[1, 2, 3, 6, 9, 8, 7, 4, 5]


Input:
	[  1,  2,  3,  4, ]
	[  5,  6,  7,  8, ]
	[  9, 10, 11, 12, ]
	[ 13, 14, 15, 16, ]

Output:
	[1, 2, 3, 4, 8, 12, 16, 15, 14, 13, 9, 5, 6, 7, 11, 10]


Input:
	[  P,  E,  R,  L, ]
	[  E,  D,  A,  R, ]
	[  H,  !,  Y,  U, ]
	[  T,  S,  E,  L, ]

Output:
	[P, E, R, L, R, U, L, E, S, T, H, E, D, A, Y, !]
 
===> 088/2/e-choroba.pl <===
ok 1 - Example 1
ok 2 - Example 2
ok 3 - m != n
ok 4 - minimal
ok 5 - two lines
ok 6 - 2x2
ok 7 - 3x3
ok 8 - narrow
ok 9 - 6x6
ok 10 - 9x11
1..10
 
===> 088/2/hstejas.pl <===
1, 2, 3, 6, 9, 8, 7, 4, 5
1, 2, 3, 4, 8, 12, 16, 15, 14, 13, 9, 5, 6, 7, 11, 10
 
===> 088/2/james-smith.pl <===
ok 1
ok 2
1..2
 
===> 088/2/jo-37.pl <===

[
 [1 2 3]
 [4 5 6]
 [7 8 9]
]

[1 2 3 6 9 8 7 4 5]
# Seeded srand with seed '1' from import arg.
ok 1 - east-1 (Example 1)

[
 [ 1  2  3  4]
 [ 5  6  7  8]
 [ 9 10 11 12]
]

[1 2 3 4 8 12 11 10 9 5 6 7]
ok 2 - east-2

[
 [ 1  2  3]
 [ 4  5  6]
 [ 7  8  9]
 [10 11 12]
]

[1 2 3 6 9 12 11 10 7 4 5 8]
ok 3 - south-1

[
 [ 1  2  3]
 [ 4  5  6]
 [ 7  8  9]
 [10 11 12]
 [13 14 15]
]

[1 2 3 6 9 12 15 14 13 10 7 4 5 8 11]
ok 4 - south-2

[
 [ 1  2  3  4]
 [ 5  6  7  8]
 [ 9 10 11 12]
 [13 14 15 16]
]

[1 2 3 4 8 12 16 15 14 13 9 5 6 7 11 10]
ok 5 - west-1 (Example 2)

[
 [ 1  2  3  4  5]
 [ 6  7  8  9 10]
 [11 12 13 14 15]
 [16 17 18 19 20]
]

[1 2 3 4 5 10 15 20 19 18 17 16 11 6 7 8 9 14 13 12]
ok 6 - west-2

[
 [ 1  2  3  4]
 [ 5  6  7  8]
 [ 9 10 11 12]
 [13 14 15 16]
 [17 18 19 20]
]

[1 2 3 4 8 12 16 20 19 18 17 13 9 5 6 7 11 15 14 10]
ok 7 - north-1

[
 [ 1  2  3  4]
 [ 5  6  7  8]
 [ 9 10 11 12]
 [13 14 15 16]
 [17 18 19 20]
 [21 22 23 24]
]

[1 2 3 4 8 12 16 20 24 23 22 21 17 13 9 5 6 7 11 15 19 18 14 10]
ok 8 - north-2

[
 [1 2]
 [3 4]
]

[1 2 4 3]
ok 9 - non-piddle arg

[
 [1 2]
]

[1 2]
ok 10 - single row

[
 [1]
 [2]
]

[1 2]
ok 11 - single column

[
 [1]
]

[1]
ok 12 - single element
[1]
ok 13 - not a matrix
1..13
 
===> 088/2/juliodcs.pl <===
ok 1 - One number
ok 2 - One row
ok 3 - One column
ok 4 - Two rows
ok 5 - Two columns
ok 6 - Three rows
ok 7 - Three columns
ok 8 - 4x4 matrix
ok 9 - Example 1
ok 10 - Example 2
1..10
 
===> 088/2/laurent-rosenfeld.pl <===

[   0  1  2  3 ]
[   4  5  6  7 ]
[   8  9 10 11 ]
[  12 13 14 15 ]

0 1 2 3 7 11 15 14 13 12 8 4 5 6 10 9

[   0  1  2  3  4 ]
[   5  6  7  8  9 ]
[  10 11 12 13 14 ]
[  15 16 17 18 19 ]

0 1 2 3 4 9 14 19 18 17 16 15 10 5 6 7 8 13 12 11

[   0  1  2  3  4  5 ]
[   6  7  8  9 10 11 ]
[  12 13 14 15 16 17 ]
[  18 19 20 21 22 23 ]

0 1 2 3 4 5 11 17 23 22 21 20 19 18 12 6 7 8 9 10 16 15 14 13

[   0  1  2  3  4  5 ]
[   6  7  8  9 10 11 ]
[  12 13 14 15 16 17 ]

0 1 2 3 4 5 11 17 16 15 14 13 12 6 7 8 9 10

[   0  1  2 ]
[   4  5  6 ]
[   8  9 10 ]
[  12 13 14 ]

0 1 2 6 10 14 13 12 8 4 5 9
 
===> 088/2/lubos-kolouch.pl <===
ok 1
ok 2
1..2
 
===> 088/2/nunovieira220.pl <===
1 2 3 4 8 12 16 15 14 13 9 5 6 7 11 10
 
===> 088/2/perlboy1967.pl <===
1 2 3 4 8 12 16 15 14 13 9 5 6 7 11 10
 
===> 088/2/polettix.pl <===
[ 1, 2, 3, 4, 8, 12, 16, 15, 14, 13, 9, 5, 6, 7, 11, 10 ]
[ 1, 2, 3, 6, 9, 8, 7, 4, 5 ]
[ 1, 2, 3, 6, 5, 4 ]
[ 1, 2, 3, 4, 8, 12, 11, 10, 9, 5, 6, 7 ]
 
===> 088/2/roger-bell-west.pl <===
1..2
ok 1 - example 1
ok 2 - example 2
 
===> 088/2/wanderdoc.pl <===
ok 1 - Example 1
ok 2 - Example 2
ok 3 - Example 3
1..3
 
===> 088/2/wlmb.pl <===
Example 1: 1 2 3 6 9 8 7 4 5
Example 2: 1 2 3 4 8 12 16 15 14 13 9 5 6 7 11 10
