 
===> 088/2/aaronreidsmith.raku <===
[0 1 2 5 8 7 6 3 4]
 
===> 088/2/arne-sommer.raku <===
[ 0, 1, 2, 5, 8, 7, 6, 3, 4 ]
 
===> 088/2/feng-chang.raku <===
0 1 2 5 8 7 6 3 4
 
===> 088/2/gugod.raku <===
----
Input: 
[ 1  2]
[ 3  4]
Output: (1 2 4 3)
----
Input: 
[ 1  2  3]
[ 4  5  6]
Output: (1 2 3 6 5 4)
----
Input: 
[ 1  2  3]
[ 4  5  6]
[ 7  8  9]
Output: (1 2 3 6 9 8 7 4 5)
----
Input: 
[ 1  2  3  4]
[ 5  6  7  8]
[ 9 10 11 12]
[13 14 15 16]
Output: (1 2 3 4 8 12 16 15 14 13 9 5 6 7 11 10)
----
Input: 
[ 1  2  3]
[ 4  5  6]
[ 7  8  9]
[10 11 12]
Output: (1 2 3 6 9 12 11 10 7 4 5 8)
 
===> 088/2/jaldhar-h-vyas.raku <===
1, 2, 3, 4, 8, 12, 16, 15, 14, 13, 9, 5, 6, 7, 11, 10
 
===> 088/2/juliodcs.raku <===
ok 1 - One number
ok 2 - One row
ok 3 - One column
ok 4 - Two rows
ok 5 - Two columns
ok 6 - Three rows
ok 7 - Three columns
ok 8 - 4x4 matrix
ok 9 - Example 1
ok 10 - Example 2
1..10
 
===> 088/2/laurent-rosenfeld.raku <===
[   0   1   2   3 ]
[   4   5   6   7 ]
[   8   9  10  11 ]
[  12  13  14  15 ]

[0 1 2 3 7 11 15 14 13 12 8 4 5 6 10 9]

[   0   1   2   3   4 ]
[   5   6   7   8   9 ]
[  10  11  12  13  14 ]
[  15  16  17  18  19 ]

[0 1 2 3 4 9 14 19 18 17 16 15 10 5 6 7 8 13 12 11]

[   0   1   2   3   4   5 ]
[   6   7   8   9  10  11 ]
[  12  13  14  15  16  17 ]
[  18  19  20  21  22  23 ]

[0 1 2 3 4 5 11 17 23 22 21 20 19 18 12 6 7 8 9 10 16 15 14 13]

[   0   1   2   3   4   5 ]
[   6   7   8   9  10  11 ]
[  12  13  14  15  16  17 ]

[0 1 2 3 4 5 11 17 16 15 14 13 12 6 7 8 9 10 10 9 8 7]

[   0   1   2 ]
[   4   5   6 ]
[   8   9  10 ]
[  12  13  14 ]

[0 1 2 6 10 14 13 12 8 4 5 9]

 
===> 088/2/mark-anderson.raku <===
1..4
ok 1 - Example 1
ok 2 - Example 2
ok 3 - Rows > Cols
ok 4 - Cols > Rows
 
===> 088/2/pjdurai.raku <===
Problem: [[1 2 3 4] [5 6 7 8] [9 10 11 12] [13 14 15 16]]
Solution: [1 2 3 4 8 12 16 15 14 13 9 5 6 7 11 10]

Problem: [[1 2 3] [4 5 6] [7 8 9]]
Solution: [1 2 3 6 9 8 7 4 5]
 
===> 088/2/roger-bell-west.raku <===
1..2
ok 1 - example 1
ok 2 - example 2
 
===> 088/2/simon-proctor.raku <===
1, 2, 3, 6, 9, 8, 7, 4, 5
1, 2, 3, 4, 8, 12, 16, 15, 14, 13, 9, 5, 6, 7, 11, 10
 
===> 088/2/stuart-little.raku <===
(1 2 3 6 9 8 7 4 5)
(1 2 3 4 8 12 16 15 14 13 9 5 6 7 11 10)
(1 2 3 4 8 7 6 5)
 
===> 088/2/wambash.raku <===
ok 1 - 
ok 2 - 
ok 3 - 
