 
===> 169/2/adam-russell.pl <===
72, 108, 200, 288, 392, 432, 500, 648, 675, 800, 864, 968, 972, 1125, 1152, 1323, 1352, 1372, 1568, 1800
 
===> 169/2/arne-sommer.pl <===
72, 108, 200, 288, 392, 432, 500, 648, 675, 800, 864, 968, 972, 1125, 1152, 1323, 1352, 1372, 1568, 1800
 
===> 169/2/athanasius.pl <===
The first 20 Achilles numbers:
72, 108, 200, 288, 392, 432, 500, 648, 675, 800, 864, 968, 972, 1125, 1152, 1323, 1352, 1372, 1568, 1800
 
===> 169/2/cheok-yin-fung.pl <===
72, 108, 200, 288, 392, 432, 500, 648, 675, 800, 864, 968, 972, 1125, 1152, 1323, 1352, 1372, 1568, 1800
 
===> 169/2/colin-crain.pl <===
72 108 200 288 392 432 500 648 675 800 864 968 972 1125 1152 1323 1352 1372 1568 1800
 
===> 169/2/dave-jacoby.pl <===
72, 108, 200, 288, 392, 432, 500, 648, 675, 800, 864, 968, 972, 1125, 1152, 1323, 1352, 1372, 1568, 1800
 
===> 169/2/e-choroba.pl <===
1..1
ok 1
 
===> 169/2/jaldhar-h-vyas.pl <===
72, 108, 200, 288, 392, 432, 500, 648, 675, 800, 864, 968, 972, 1125, 1152, 1323, 1352, 1372, 1568, 1800
 
===> 169/2/jo-37.pl <===
# Seeded srand with seed '1' from import arg.
ok 1 - task 2
ok 2 - example 1 from Wiki
ok 3 - example 2 from Wiki
ok 4 - example 3 from Wiki
ok 5 - example 4 from Wiki
ok 6 - A194085 - Strong Achilles numbers
1..6
 
===> 169/2/laurent-rosenfeld.pl <===
  72 -> 2 3
 108 -> 2 3
 200 -> 2 3
 288 -> 2 5
 392 -> 2 3
 432 -> 3 4
 500 -> 2 3
 648 -> 3 4
 675 -> 2 3
 800 -> 2 5
 864 -> 3 5
 968 -> 2 3
 972 -> 2 5
1125 -> 2 3
1152 -> 2 7
1323 -> 2 3
1352 -> 2 3
1372 -> 2 3
1568 -> 2 5
1800 -> 2 2 3
 
===> 169/2/lubos-kolouch.pl <===
ok 1
ok 2
ok 3
1..3
 
===> 169/2/peter-campbell-smith.pl <===
72, 108, 200, 288, 392, 432, 500, 648, 675, 800, 864, 968, 972, 1125, 1152, 1323, 1352, 1372, 1568, 1800
 
===> 169/2/pokgopun.pl <===
72, 108, 200, 288, 392, 432, 500, 648, 675, 800, 864, 968, 972, 1125, 1152, 1323, 1352, 1372, 1568, 1800
 
===> 169/2/polettix.pl <===
72, 108, 200, 288, 392, 432, 500, 648, 675, 800, 864, 968, 972, 1125, 1152, 1323, 1352, 1372, 1568, 1800
 
===> 169/2/roger-bell-west.pl <===
1..1
ok 1 - example 1
 
===> 169/2/ryan-thompson.pl <===
72
108
200
288
392
432
500
648
675
800
864
968
972
1125
1152
1323
1352
1372
1568
1800
1944
2000
 
===> 169/2/sgreen.pl <===
72, 108, 200, 288, 392, 432, 500, 648, 675, 800, 864, 968, 972, 1125, 1152, 1323, 1352, 1372, 1568, 1800
 
===> 169/2/steve-g-lynn.pl <===
72 108 200 288 392 432 500 648 675 800 864 968 972 1125 1152 1323 1352 1372 1568 1800 
 
===> 169/2/ulrich-rieke.pl <===
72,108,200,288,392,432,500,648,675,800,864,968,972,1125,1152,1323,1352,1372,1568,1800
 
===> 169/2/wlmb.pl <===
The first 20 Achilles numbers are: 72 108 200 288 392 432 500 648 675 800 864 968 972 1125 1152 1323 1352 1372 1568 1800
