 
===> 169/2/0rir.raku <===
Output
 72, 108, 200, 288, 392, 432, 500, 648, 675, 800, 864, 968, 972, 1125, 1152, 1323, 1352, 1372, 1568, 1800
 
===> 169/2/2colours.raku <===
72, 108, 200, 288, 392, 432, 500, 648, 675, 800, 864, 968, 972, 1125, 1152, 1323, 1352, 1372, 1568, 1800
 
===> 169/2/arne-sommer.raku <===
72, 108, 200, 288, 392, 432, 500, 648, 675, 800, 864, 968, 972, 1125, 1152, 1323, 1352, 1372, 1568, 1800
 
===> 169/2/athanasius.raku <===
The first 20 Achilles numbers:
72, 108, 200, 288, 392, 432, 500, 648, 675, 800, 864, 968, 972, 1125, 1152, 1323, 1352, 1372, 1568, 1800
 
===> 169/2/bruce-gray.raku <===
1..1
ok 1 - 
 
===> 169/2/habere-et-dispetire.raku <===
72 108 200 288 392 432 500 648 675 800 864 968 972 1125 1152 1323 1352 1372 1568 1800
 
===> 169/2/jaldhar-h-vyas.raku <===
72, 108, 200, 288, 392, 432, 500, 648, 675, 800, 864, 968, 972, 1125, 1152, 1323, 1352, 1372, 1568, 1800
 
===> 169/2/laurent-rosenfeld.raku <===
  72 -> (2 3)
 108 -> (2 3)
 200 -> (2 3)
 288 -> (2 5)
 392 -> (2 3)
 432 -> (3 4)
 500 -> (2 3)
 648 -> (3 4)
 675 -> (2 3)
 800 -> (2 5)
 864 -> (3 5)
 968 -> (2 3)
 972 -> (2 5)
1125 -> (2 3)
1152 -> (2 7)
1323 -> (2 3)
1352 -> (2 3)
1372 -> (2 3)
1568 -> (2 5)
1800 -> (2 2 3)
 
===> 169/2/luca-ferrari.raku <===
72
108
200
288
392
432
500
648
675
800
864
968
972
1125
1152
1323
1352
1372
1568
1800
1944
 
===> 169/2/mark-anderson.raku <===
(72 108 200 288 392 432 500 648 675 800 864 968 972 1125 1152 1323 1352 1372 1568 1800)
(90025452 90048200 90100125 90101888 90117775 90124083 90124672 90140256 90155592 90209312)
 
===> 169/2/polettix.raku <===
 
===> 169/2/rick-bychowski.raku <===
72, 108, 200, 288, 392, 432, 500, 648, 675, 800, 864, 968, 972, 1125, 1152, 1323, 1352, 1372, 1568, 1800
 
===> 169/2/roger-bell-west.raku <===
1..1
ok 1 - example 1
 
===> 169/2/steve-g-lynn.raku <===
[72 108 200 288 392 432 500 648 675 800 864 968 972 1125 1152 1323 1352 1372 1568 1800]
 
===> 169/2/ulrich-rieke.raku <===
72, 108, 200, 288, 392, 432, 500, 648, 675, 800, 864, 968, 972, 1125, 1152, 1323, 1352, 1372, 1568, 1800
 
===> 169/2/wambash.raku <===
72 108 200 288 392 432 500 648 675 800 864 968 972 1125 1152 1323 1352 1372 1568 1800
