 
===> 101/1/abigail.pl <===
 9  8  7 6
10 11 12 5
 1  2  3 4
 
===> 101/1/athanasius.pl <===
Input: @A = (1,2,3,4,5,6,7,8,9,10,11,12)

Output:

       9  8  7 6
      10 11 12 5
       1  2  3 4
 
===> 101/1/bob-lied.pl <===
ok 1 - Factor  1: (1 1)
ok 2 - Factor  2: (1 2)
ok 3 - Factor  4: (2 2)
ok 4 - Factor  6: (2 3)
ok 5 - Factor 12: (3 4)
ok 6 - Factor 92: (4 23)
ok 7 - 1x1
ok 8 - 1x2
ok 9 - 2x2
ok 10 - 2x3
ok 11 - 3x4
ok 12 - 4x4
1..12
 
===> 101/1/colin-crain.pl <===
1 2 3

4  3  
1  2  

1 2 3 4 5

6  5  4  
1  2  3  

1 2 3 4 5 6 7

8  7  6  5  
1  2  3  4  

7  6  5  
8  9  4  
1  2  3  

10  9   8   7   6   
1   2   3   4   5   

1 2 3 4 5 6 7 8 9 10 11

9   8   7   6   
10  11  12  5   
1   2   3   4   

1 2 3 4 5 6 7 8 9 10 11 12 13

14  13  12  11  10  9   8   
1   2   3   4   5   6   7   

11  10  9   8   7   
12  13  14  15  6   
1   2   3   4   5   

10  9   8   7   
11  16  15  6   
12  13  14  5   
1   2   3   4   

1 2 3 4 5 6 7 8 9 10 11 12 13 14 15 16 17

13  12  11  10  9   8   
14  15  16  17  18  7   
1   2   3   4   5   6   

1 2 3 4 5 6 7 8 9 10 11 12 13 14 15 16 17 18 19

12  11  10  9   8   
13  20  19  18  7   
14  15  16  17  6   
1   2   3   4   5   

15  14  13  12  11  10  9   
16  17  18  19  20  21  8   
1   2   3   4   5   6   7   

22  21  20  19  18  17  16  15  14  13  12  
1   2   3   4   5   6   7   8   9   10  11  

1 2 3 4 5 6 7 8 9 10 11 12 13 14 15 16 17 18 19 20 21 22 23

14  13  12  11  10  9   
15  24  23  22  21  8   
16  17  18  19  20  7   
1   2   3   4   5   6   

13  12  11  10  9   
14  23  22  21  8   
15  24  25  20  7   
16  17  18  19  6   
1   2   3   4   5   

26  25  24  23  22  21  20  19  18  17  16  15  14  
1   2   3   4   5   6   7   8   9   10  11  12  13  

19  18  17  16  15  14  13  12  11  
20  21  22  23  24  25  26  27  10  
1   2   3   4   5   6   7   8   9   

16  15  14  13  12  11  10  
17  28  27  26  25  24  9   
18  19  20  21  22  23  8   
1   2   3   4   5   6   7   

1 2 3 4 5 6 7 8 9 10 11 12 13 14 15 16 17 18 19 20 21 22 23 24 25 26 27 28 29

15  14  13  12  11  10  
16  27  26  25  24  9   
17  28  29  30  23  8   
18  19  20  21  22  7   
1   2   3   4   5   6   

1 2 3 4 5 6 7 8 9 10 11 12 13 14 15 16 17 18 19 20 21 22 23 24 25 26 27 28 29 30 31

18  17  16  15  14  13  12  11  
19  32  31  30  29  28  27  10  
20  21  22  23  24  25  26  9   
1   2   3   4   5   6   7   8   

23  22  21  20  19  18  17  16  15  14  13  
24  25  26  27  28  29  30  31  32  33  12  
1   2   3   4   5   6   7   8   9   10  11  

34  33  32  31  30  29  28  27  26  25  24  23  22  21  20  19  18  
1   2   3   4   5   6   7   8   9   10  11  12  13  14  15  16  17  

17  16  15  14  13  12  11  
18  31  30  29  28  27  10  
19  32  33  34  35  26  9   
20  21  22  23  24  25  8   
1   2   3   4   5   6   7   

16  15  14  13  12  11  
17  30  29  28  27  10  
18  31  36  35  26  9   
19  32  33  34  25  8   
20  21  22  23  24  7   
1   2   3   4   5   6   

1 2 3 4 5 6 7 8 9 10 11 12 13 14 15 16 17 18 19 20 21 22 23 24 25 26 27 28 29 30 31 32 33 34 35 36 37

38  37  36  35  34  33  32  31  30  29  28  27  26  25  24  23  22  21  20  
1   2   3   4   5   6   7   8   9   10  11  12  13  14  15  16  17  18  19  

27  26  25  24  23  22  21  20  19  18  17  16  15  
28  29  30  31  32  33  34  35  36  37  38  39  14  
1   2   3   4   5   6   7   8   9   10  11  12  13  

19  18  17  16  15  14  13  12  
20  35  34  33  32  31  30  11  
21  36  37  38  39  40  29  10  
22  23  24  25  26  27  28  9   
1   2   3   4   5   6   7   8   

1 2 3 4 5 6 7 8 9 10 11 12 13 14 15 16 17 18 19 20 21 22 23 24 25 26 27 28 29 30 31 32 33 34 35 36 37 38 39 40 41

18  17  16  15  14  13  12  
19  34  33  32  31  30  11  
20  35  42  41  40  29  10  
21  36  37  38  39  28  9   
22  23  24  25  26  27  8   
1   2   3   4   5   6   7   

1 2 3 4 5 6 7 8 9 10 11 12 13 14 15 16 17 18 19 20 21 22 23 24 25 26 27 28 29 30 31 32 33 34 35 36 37 38 39 40 41 42 43

24  23  22  21  20  19  18  17  16  15  14  
25  44  43  42  41  40  39  38  37  36  13  
26  27  28  29  30  31  32  33  34  35  12  
1   2   3   4   5   6   7   8   9   10  11  

21  20  19  18  17  16  15  14  13  
22  39  38  37  36  35  34  33  12  
23  40  41  42  43  44  45  32  11  
24  25  26  27  28  29  30  31  10  
1   2   3   4   5   6   7   8   9   

46  45  44  43  42  41  40  39  38  37  36  35  34  33  32  31  30  29  28  27  26  25  24  
1   2   3   4   5   6   7   8   9   10  11  12  13  14  15  16  17  18  19  20  21  22  23  

1 2 3 4 5 6 7 8 9 10 11 12 13 14 15 16 17 18 19 20 21 22 23 24 25 26 27 28 29 30 31 32 33 34 35 36 37 38 39 40 41 42 43 44 45 46 47

20  19  18  17  16  15  14  13  
21  38  37  36  35  34  33  12  
22  39  48  47  46  45  32  11  
23  40  41  42  43  44  31  10  
24  25  26  27  28  29  30  9   
1   2   3   4   5   6   7   8   

19  18  17  16  15  14  13  
20  37  36  35  34  33  12  
21  38  47  46  45  32  11  
22  39  48  49  44  31  10  
23  40  41  42  43  30  9   
24  25  26  27  28  29  8   
1   2   3   4   5   6   7   

23  22  21  20  19  18  17  16  15  14  
24  43  42  41  40  39  38  37  36  13  
25  44  45  46  47  48  49  50  35  12  
26  27  28  29  30  31  32  33  34  11  
1   2   3   4   5   6   7   8   9   10  

35  34  33  32  31  30  29  28  27  26  25  24  23  22  21  20  19  
36  37  38  39  40  41  42  43  44  45  46  47  48  49  50  51  18  
1   2   3   4   5   6   7   8   9   10  11  12  13  14  15  16  17  

28  27  26  25  24  23  22  21  20  19  18  17  16  
29  52  51  50  49  48  47  46  45  44  43  42  15  
30  31  32  33  34  35  36  37  38  39  40  41  14  
1   2   3   4   5   6   7   8   9   10  11  12  13  

1 2 3 4 5 6 7 8 9 10 11 12 13 14 15 16 17 18 19 20 21 22 23 24 25 26 27 28 29 30 31 32 33 34 35 36 37 38 39 40 41 42 43 44 45 46 47 48 49 50 51 52 53

22  21  20  19  18  17  16  15  14  
23  42  41  40  39  38  37  36  13  
24  43  54  53  52  51  50  35  12  
25  44  45  46  47  48  49  34  11  
26  27  28  29  30  31  32  33  10  
1   2   3   4   5   6   7   8   9   

25  24  23  22  21  20  19  18  17  16  15  
26  47  46  45  44  43  42  41  40  39  14  
27  48  49  50  51  52  53  54  55  38  13  
28  29  30  31  32  33  34  35  36  37  12  
1   2   3   4   5   6   7   8   9   10  11  

21  20  19  18  17  16  15  14  
22  41  40  39  38  37  36  13  
23  42  53  52  51  50  35  12  
24  43  54  55  56  49  34  11  
25  44  45  46  47  48  33  10  
26  27  28  29  30  31  32  9   
1   2   3   4   5   6   7   8   

39  38  37  36  35  34  33  32  31  30  29  28  27  26  25  24  23  22  21  
40  41  42  43  44  45  46  47  48  49  50  51  52  53  54  55  56  57  20  
1   2   3   4   5   6   7   8   9   10  11  12  13  14  15  16  17  18  19  

58  57  56  55  54  53  52  51  50  49  48  47  46  45  44  43  42  41  40  39  38  37  36  35  34  33  32  31  30  
1   2   3   4   5   6   7   8   9   10  11  12  13  14  15  16  17  18  19  20  21  22  23  24  25  26  27  28  29  

1 2 3 4 5 6 7 8 9 10 11 12 13 14 15 16 17 18 19 20 21 22 23 24 25 26 27 28 29 30 31 32 33 34 35 36 37 38 39 40 41 42 43 44 45 46 47 48 49 50 51 52 53 54 55 56 57 58 59

24  23  22  21  20  19  18  17  16  15  
25  46  45  44  43  42  41  40  39  14  
26  47  60  59  58  57  56  55  38  13  
27  48  49  50  51  52  53  54  37  12  
28  29  30  31  32  33  34  35  36  11  
1   2   3   4   5   6   7   8   9   10  

1 2 3 4 5 6 7 8 9 10 11 12 13 14 15 16 17 18 19 20 21 22 23 24 25 26 27 28 29 30 31 32 33 34 35 36 37 38 39 40 41 42 43 44 45 46 47 48 49 50 51 52 53 54 55 56 57 58 59 60 61

62  61  60  59  58  57  56  55  54  53  52  51  50  49  48  47  46  45  44  43  42  41  40  39  38  37  36  35  34  33  32  
1   2   3   4   5   6   7   8   9   10  11  12  13  14  15  16  17  18  19  20  21  22  23  24  25  26  27  28  29  30  31  

23  22  21  20  19  18  17  16  15  
24  45  44  43  42  41  40  39  14  
25  46  59  58  57  56  55  38  13  
26  47  60  61  62  63  54  37  12  
27  48  49  50  51  52  53  36  11  
28  29  30  31  32  33  34  35  10  
1   2   3   4   5   6   7   8   9   

22  21  20  19  18  17  16  15  
23  44  43  42  41  40  39  14  
24  45  58  57  56  55  38  13  
25  46  59  64  63  54  37  12  
26  47  60  61  62  53  36  11  
27  48  49  50  51  52  35  10  
28  29  30  31  32  33  34  9   
1   2   3   4   5   6   7   8   

29  28  27  26  25  24  23  22  21  20  19  18  17  
30  55  54  53  52  51  50  49  48  47  46  45  16  
31  56  57  58  59  60  61  62  63  64  65  44  15  
32  33  34  35  36  37  38  39  40  41  42  43  14  
1   2   3   4   5   6   7   8   9   10  11  12  13  

26  25  24  23  22  21  20  19  18  17  16  
27  50  49  48  47  46  45  44  43  42  15  
28  51  66  65  64  63  62  61  60  41  14  
29  52  53  54  55  56  57  58  59  40  13  
30  31  32  33  34  35  36  37  38  39  12  
1   2   3   4   5   6   7   8   9   10  11  

1 2 3 4 5 6 7 8 9 10 11 12 13 14 15 16 17 18 19 20 21 22 23 24 25 26 27 28 29 30 31 32 33 34 35 36 37 38 39 40 41 42 43 44 45 46 47 48 49 50 51 52 53 54 55 56 57 58 59 60 61 62 63 64 65 66 67

36  35  34  33  32  31  30  29  28  27  26  25  24  23  22  21  20  
37  68  67  66  65  64  63  62  61  60  59  58  57  56  55  54  19  
38  39  40  41  42  43  44  45  46  47  48  49  50  51  52  53  18  
1   2   3   4   5   6   7   8   9   10  11  12  13  14  15  16  17  

47  46  45  44  43  42  41  40  39  38  37  36  35  34  33  32  31  30  29  28  27  26  25  
48  49  50  51  52  53  54  55  56  57  58  59  60  61  62  63  64  65  66  67  68  69  24  
1   2   3   4   5   6   7   8   9   10  11  12  13  14  15  16  17  18  19  20  21  22  23  

25  24  23  22  21  20  19  18  17  16  
26  49  48  47  46  45  44  43  42  15  
27  50  65  64  63  62  61  60  41  14  
28  51  66  67  68  69  70  59  40  13  
29  52  53  54  55  56  57  58  39  12  
30  31  32  33  34  35  36  37  38  11  
1   2   3   4   5   6   7   8   9   10  

1 2 3 4 5 6 7 8 9 10 11 12 13 14 15 16 17 18 19 20 21 22 23 24 25 26 27 28 29 30 31 32 33 34 35 36 37 38 39 40 41 42 43 44 45 46 47 48 49 50 51 52 53 54 55 56 57 58 59 60 61 62 63 64 65 66 67 68 69 70 71

24  23  22  21  20  19  18  17  16  
25  48  47  46  45  44  43  42  15  
26  49  64  63  62  61  60  41  14  
27  50  65  72  71  70  59  40  13  
28  51  66  67  68  69  58  39  12  
29  52  53  54  55  56  57  38  11  
30  31  32  33  34  35  36  37  10  
1   2   3   4   5   6   7   8   9   

1 2 3 4 5 6 7 8 9 10 11 12 13 14 15 16 17 18 19 20 21 22 23 24 25 26 27 28 29 30 31 32 33 34 35 36 37 38 39 40 41 42 43 44 45 46 47 48 49 50 51 52 53 54 55 56 57 58 59 60 61 62 63 64 65 66 67 68 69 70 71 72 73

74  73  72  71  70  69  68  67  66  65  64  63  62  61  60  59  58  57  56  55  54  53  52  51  50  49  48  47  46  45  44  43  42  41  40  39  38  
1   2   3   4   5   6   7   8   9   10  11  12  13  14  15  16  17  18  19  20  21  22  23  24  25  26  27  28  29  30  31  32  33  34  35  36  37  

33  32  31  30  29  28  27  26  25  24  23  22  21  20  19  
34  63  62  61  60  59  58  57  56  55  54  53  52  51  18  
35  64  65  66  67  68  69  70  71  72  73  74  75  50  17  
36  37  38  39  40  41  42  43  44  45  46  47  48  49  16  
1   2   3   4   5   6   7   8   9   10  11  12  13  14  15  

40  39  38  37  36  35  34  33  32  31  30  29  28  27  26  25  24  23  22  
41  76  75  74  73  72  71  70  69  68  67  66  65  64  63  62  61  60  21  
42  43  44  45  46  47  48  49  50  51  52  53  54  55  56  57  58  59  20  
1   2   3   4   5   6   7   8   9   10  11  12  13  14  15  16  17  18  19  

27  26  25  24  23  22  21  20  19  18  17  
28  53  52  51  50  49  48  47  46  45  16  
29  54  71  70  69  68  67  66  65  44  15  
30  55  72  73  74  75  76  77  64  43  14  
31  56  57  58  59  60  61  62  63  42  13  
32  33  34  35  36  37  38  39  40  41  12  
1   2   3   4   5   6   7   8   9   10  11  

30  29  28  27  26  25  24  23  22  21  20  19  18  
31  58  57  56  55  54  53  52  51  50  49  48  17  
32  59  78  77  76  75  74  73  72  71  70  47  16  
33  60  61  62  63  64  65  66  67  68  69  46  15  
34  35  36  37  38  39  40  41  42  43  44  45  14  
1   2   3   4   5   6   7   8   9   10  11  12  13  

1 2 3 4 5 6 7 8 9 10 11 12 13 14 15 16 17 18 19 20 21 22 23 24 25 26 27 28 29 30 31 32 33 34 35 36 37 38 39 40 41 42 43 44 45 46 47 48 49 50 51 52 53 54 55 56 57 58 59 60 61 62 63 64 65 66 67 68 69 70 71 72 73 74 75 76 77 78 79

26  25  24  23  22  21  20  19  18  17  
27  52  51  50  49  48  47  46  45  16  
28  53  70  69  68  67  66  65  44  15  
29  54  71  80  79  78  77  64  43  14  
30  55  72  73  74  75  76  63  42  13  
31  56  57  58  59  60  61  62  41  12  
32  33  34  35  36  37  38  39  40  11  
1   2   3   4   5   6   7   8   9   10  

25  24  23  22  21  20  19  18  17  
26  51  50  49  48  47  46  45  16  
27  52  69  68  67  66  65  44  15  
28  53  70  79  78  77  64  43  14  
29  54  71  80  81  76  63  42  13  
30  55  72  73  74  75  62  41  12  
31  56  57  58  59  60  61  40  11  
32  33  34  35  36  37  38  39  10  
1   2   3   4   5   6   7   8   9   

82  81  80  79  78  77  76  75  74  73  72  71  70  69  68  67  66  65  64  63  62  61  60  59  58  57  56  55  54  53  52  51  50  49  48  47  46  45  44  43  42  
1   2   3   4   5   6   7   8   9   10  11  12  13  14  15  16  17  18  19  20  21  22  23  24  25  26  27  28  29  30  31  32  33  34  35  36  37  38  39  40  41  

1 2 3 4 5 6 7 8 9 10 11 12 13 14 15 16 17 18 19 20 21 22 23 24 25 26 27 28 29 30 31 32 33 34 35 36 37 38 39 40 41 42 43 44 45 46 47 48 49 50 51 52 53 54 55 56 57 58 59 60 61 62 63 64 65 66 67 68 69 70 71 72 73 74 75 76 77 78 79 80 81 82 83

29  28  27  26  25  24  23  22  21  20  19  18  
30  57  56  55  54  53  52  51  50  49  48  17  
31  58  77  76  75  74  73  72  71  70  47  16  
32  59  78  79  80  81  82  83  84  69  46  15  
33  60  61  62  63  64  65  66  67  68  45  14  
34  35  36  37  38  39  40  41  42  43  44  13  
1   2   3   4   5   6   7   8   9   10  11  12  

37  36  35  34  33  32  31  30  29  28  27  26  25  24  23  22  21  
38  71  70  69  68  67  66  65  64  63  62  61  60  59  58  57  20  
39  72  73  74  75  76  77  78  79  80  81  82  83  84  85  56  19  
40  41  42  43  44  45  46  47  48  49  50  51  52  53  54  55  18  
1   2   3   4   5   6   7   8   9   10  11  12  13  14  15  16  17  

86  85  84  83  82  81  80  79  78  77  76  75  74  73  72  71  70  69  68  67  66  65  64  63  62  61  60  59  58  57  56  55  54  53  52  51  50  49  48  47  46  45  44  
1   2   3   4   5   6   7   8   9   10  11  12  13  14  15  16  17  18  19  20  21  22  23  24  25  26  27  28  29  30  31  32  33  34  35  36  37  38  39  40  41  42  43  

59  58  57  56  55  54  53  52  51  50  49  48  47  46  45  44  43  42  41  40  39  38  37  36  35  34  33  32  31  
60  61  62  63  64  65  66  67  68  69  70  71  72  73  74  75  76  77  78  79  80  81  82  83  84  85  86  87  30  
1   2   3   4   5   6   7   8   9   10  11  12  13  14  15  16  17  18  19  20  21  22  23  24  25  26  27  28  29  

28  27  26  25  24  23  22  21  20  19  18  
29  56  55  54  53  52  51  50  49  48  17  
30  57  76  75  74  73  72  71  70  47  16  
31  58  77  88  87  86  85  84  69  46  15  
32  59  78  79  80  81  82  83  68  45  14  
33  60  61  62  63  64  65  66  67  44  13  
34  35  36  37  38  39  40  41  42  43  12  
1   2   3   4   5   6   7   8   9   10  11  

1 2 3 4 5 6 7 8 9 10 11 12 13 14 15 16 17 18 19 20 21 22 23 24 25 26 27 28 29 30 31 32 33 34 35 36 37 38 39 40 41 42 43 44 45 46 47 48 49 50 51 52 53 54 55 56 57 58 59 60 61 62 63 64 65 66 67 68 69 70 71 72 73 74 75 76 77 78 79 80 81 82 83 84 85 86 87 88 89

27  26  25  24  23  22  21  20  19  18  
28  55  54  53  52  51  50  49  48  17  
29  56  75  74  73  72  71  70  47  16  
30  57  76  87  86  85  84  69  46  15  
31  58  77  88  89  90  83  68  45  14  
32  59  78  79  80  81  82  67  44  13  
33  60  61  62  63  64  65  66  43  12  
34  35  36  37  38  39  40  41  42  11  
1   2   3   4   5   6   7   8   9   10  

31  30  29  28  27  26  25  24  23  22  21  20  19  
32  61  60  59  58  57  56  55  54  53  52  51  18  
33  62  83  82  81  80  79  78  77  76  75  50  17  
34  63  84  85  86  87  88  89  90  91  74  49  16  
35  64  65  66  67  68  69  70  71  72  73  48  15  
36  37  38  39  40  41  42  43  44  45  46  47  14  
1   2   3   4   5   6   7   8   9   10  11  12  13  

48  47  46  45  44  43  42  41  40  39  38  37  36  35  34  33  32  31  30  29  28  27  26  
49  92  91  90  89  88  87  86  85  84  83  82  81  80  79  78  77  76  75  74  73  72  25  
50  51  52  53  54  55  56  57  58  59  60  61  62  63  64  65  66  67  68  69  70  71  24  
1   2   3   4   5   6   7   8   9   10  11  12  13  14  15  16  17  18  19  20  21  22  23  

63  62  61  60  59  58  57  56  55  54  53  52  51  50  49  48  47  46  45  44  43  42  41  40  39  38  37  36  35  34  33  
64  65  66  67  68  69  70  71  72  73  74  75  76  77  78  79  80  81  82  83  84  85  86  87  88  89  90  91  92  93  32  
1   2   3   4   5   6   7   8   9   10  11  12  13  14  15  16  17  18  19  20  21  22  23  24  25  26  27  28  29  30  31  

94  93  92  91  90  89  88  87  86  85  84  83  82  81  80  79  78  77  76  75  74  73  72  71  70  69  68  67  66  65  64  63  62  61  60  59  58  57  56  55  54  53  52  51  50  49  48  
1   2   3   4   5   6   7   8   9   10  11  12  13  14  15  16  17  18  19  20  21  22  23  24  25  26  27  28  29  30  31  32  33  34  35  36  37  38  39  40  41  42  43  44  45  46  47  

41  40  39  38  37  36  35  34  33  32  31  30  29  28  27  26  25  24  23  
42  79  78  77  76  75  74  73  72  71  70  69  68  67  66  65  64  63  22  
43  80  81  82  83  84  85  86  87  88  89  90  91  92  93  94  95  62  21  
44  45  46  47  48  49  50  51  52  53  54  55  56  57  58  59  60  61  20  
1   2   3   4   5   6   7   8   9   10  11  12  13  14  15  16  17  18  19  

30  29  28  27  26  25  24  23  22  21  20  19  
31  60  59  58  57  56  55  54  53  52  51  18  
32  61  82  81  80  79  78  77  76  75  50  17  
33  62  83  96  95  94  93  92  91  74  49  16  
34  63  84  85  86  87  88  89  90  73  48  15  
35  64  65  66  67  68  69  70  71  72  47  14  
36  37  38  39  40  41  42  43  44  45  46  13  
1   2   3   4   5   6   7   8   9   10  11  12  

1 2 3 4 5 6 7 8 9 10 11 12 13 14 15 16 17 18 19 20 21 22 23 24 25 26 27 28 29 30 31 32 33 34 35 36 37 38 39 40 41 42 43 44 45 46 47 48 49 50 51 52 53 54 55 56 57 58 59 60 61 62 63 64 65 66 67 68 69 70 71 72 73 74 75 76 77 78 79 80 81 82 83 84 85 86 87 88 89 90 91 92 93 94 95 96 97

33  32  31  30  29  28  27  26  25  24  23  22  21  20  
34  65  64  63  62  61  60  59  58  57  56  55  54  19  
35  66  89  88  87  86  85  84  83  82  81  80  53  18  
36  67  90  91  92  93  94  95  96  97  98  79  52  17  
37  68  69  70  71  72  73  74  75  76  77  78  51  16  
38  39  40  41  42  43  44  45  46  47  48  49  50  15  
1   2   3   4   5   6   7   8   9   10  11  12  13  14  

29  28  27  26  25  24  23  22  21  20  19  
30  59  58  57  56  55  54  53  52  51  18  
31  60  81  80  79  78  77  76  75  50  17  
32  61  82  95  94  93  92  91  74  49  16  
33  62  83  96  97  98  99  90  73  48  15  
34  63  84  85  86  87  88  89  72  47  14  
35  64  65  66  67  68  69  70  71  46  13  
36  37  38  39  40  41  42  43  44  45  12  
1   2   3   4   5   6   7   8   9   10  11  

28   27   26   25   24   23   22   21   20   19   
29   58   57   56   55   54   53   52   51   18   
30   59   80   79   78   77   76   75   50   17   
31   60   81   94   93   92   91   74   49   16   
32   61   82   95   100  99   90   73   48   15   
33   62   83   96   97   98   89   72   47   14   
34   63   84   85   86   87   88   71   46   13   
35   64   65   66   67   68   69   70   45   12   
36   37   38   39   40   41   42   43   44   11   
1    2    3    4    5    6    7    8    9    10   

 
===> 101/1/dave-jacoby.pl <===
1, 2, 3, 4

    4  3
    1  2

1, 2, 3, 4, 5, 6

    6  5  4
    1  2  3

1, 2, 3, 4, 5, 6, 7, 8

    8  7  6  5
    1  2  3  4

1, 2, 3, 4, 5, 6, 7, 8, 9

    7  6  5
    8  9  4
    1  2  3

1, 2, 3, 4, 5, 6, 7, 8, 9, 10, 11, 12

    9  8  7  6
   10 11 12  5
    1  2  3  4

1, 2, 3, 4, 5, 6, 7, 8, 9, 10, 11, 12, 13, 14, 15

   11 10  9  8  7
   12 13 14 15  6
    1  2  3  4  5

1, 2, 3, 4, 5, 6, 7, 8, 9, 10, 11, 12, 13, 14, 15, 16

   10  9  8  7
   11 16 15  6
   12 13 14  5
    1  2  3  4

A, B, C, D, E, F, G, H, I, J, K, L, M, N, O, P, Q, R, S, T, U, V, W, X, Y

    M  L  K  J  I
    N  W  V  U  H
    O  X  Y  T  G
    P  Q  R  S  F
    A  B  C  D  E

 
===> 101/1/e-choroba.pl <===
1..6
ok 1 - Example 1
ok 2 - Example 2
ok 3 - Example 3
ok 4 - 20=4x5
ok 5 - 40=8x5
ok 6 - 27=9x3
 
===> 101/1/jaldhar-h-vyas.pl <===
 9  8  7  6 
10 11 12  5 
 1  2  3  4 
 
===> 101/1/james-smith.pl <===
 1

 1  2

 1  2  3

 4  3
 1  2

 1  2  3  4  5

 6  5  4
 1  2  3

 1  2  3  4  5  6  7

 8  7  6  5
 1  2  3  4

 7  6  5
 8  9  4
 1  2  3

10  9  8  7  6
 1  2  3  4  5

 1  2  3  4  5  6  7  8  9 10 11

 9  8  7  6
10 11 12  5
 1  2  3  4

 1  2  3  4  5  6  7  8  9 10 11 12 13

14 13 12 11 10  9  8
 1  2  3  4  5  6  7

11 10  9  8  7
12 13 14 15  6
 1  2  3  4  5

10  9  8  7
11 16 15  6
12 13 14  5
 1  2  3  4

 1  2  3  4  5  6  7  8  9 10 11 12 13 14 15 16 17

13 12 11 10  9  8
14 15 16 17 18  7
 1  2  3  4  5  6

 1  2  3  4  5  6  7  8  9 10 11 12 13 14 15 16 17 18 19

12 11 10  9  8
13 20 19 18  7
14 15 16 17  6
 1  2  3  4  5

15 14 13 12 11 10  9
16 17 18 19 20 21  8
 1  2  3  4  5  6  7

22 21 20 19 18 17 16 15 14 13 12
 1  2  3  4  5  6  7  8  9 10 11

 1  2  3  4  5  6  7  8  9 10 11 12 13 14 15 16 17 18 19 20 21 22 23

14 13 12 11 10  9
15 24 23 22 21  8
16 17 18 19 20  7
 1  2  3  4  5  6

13 12 11 10  9
14 23 22 21  8
15 24 25 20  7
16 17 18 19  6
 1  2  3  4  5

26 25 24 23 22 21 20 19 18 17 16 15 14
 1  2  3  4  5  6  7  8  9 10 11 12 13

19 18 17 16 15 14 13 12 11
20 21 22 23 24 25 26 27 10
 1  2  3  4  5  6  7  8  9

16 15 14 13 12 11 10
17 28 27 26 25 24  9
18 19 20 21 22 23  8
 1  2  3  4  5  6  7

 1  2  3  4  5  6  7  8  9 10 11 12 13 14 15 16 17 18 19 20 21 22 23 24 25 26 27 28 29

15 14 13 12 11 10
16 27 26 25 24  9
17 28 29 30 23  8
18 19 20 21 22  7
 1  2  3  4  5  6

 
===> 101/1/paulo-custodio.pl <===
 9  8  7  6 
10 11 12  5 
 1  2  3  4 
 
===> 101/1/polettix.pl <===
  16   15   14   13 
   5    4    3   12 
   6    1    2   11 
   7    8    9   10 
 
===> 101/1/roger-bell-west.pl <===
1..3
ok 1 - example 1
ok 2 - example 2
ok 3 - example 3
 
===> 101/1/sgreen.pl <===
 9  8  7  6
10 11 12  5
 1  2  3  4
 
===> 101/1/stuart-little.pl <===
    9     8     7     6
   10    11    12     5
    1     2     3     4
 
===> 101/1/wanderdoc.pl <===
1 2 3 4

  4  3
  1  2


1 2 3 4 5 6

  6  5  4
  1  2  3


1 2 3 4 5 6 7 8 9 10 11 12

  9  8  7  6
 10 11 12  5
  1  2  3  4


1 2 3 4 5 6 7 8 9 10 11 12 13 14 15 16 17 18 19

 12 11 10  9  8
 13    19 18  7
 14 15 16 17  6
  1  2  3  4  5


1 2 3 4 5 6 7 8 9 10 11 12 13 14 15 16 17 18 19 20 21 22 23 24 25 26 27 28 29 30 31 32 33 34 35 36 37 38 39 40 41 42 43 44 45 46 47 48 49 50 51 52 53 54 55 56 57 58 59 60 61 62 63 64 65 66 67 68 69 70 71 72 73 74 75 76 77 78 79 80 81 82 83 84 85 86 87 88 89

 27 26 25 24 23 22 21 20 19 18
 28 55 54 53 52 51 50 49 48 17
 29 56 75 74 73 72 71 70 47 16
 30 57 76 87 86 85 84 69 46 15
 31 58 77 88 89    83 68 45 14
 32 59 78 79 80 81 82 67 44 13
 33 60 61 62 63 64 65 66 43 12
 34 35 36 37 38 39 40 41 42 11
  1  2  3  4  5  6  7  8  9 10


a b c d e f g h i j k l m n o p q r s t u v w x y z

  o  n  m  l  k  j
  p     z  y  x  i
  q           w  h
  r  s  t  u  v  g
  a  b  c  d  e  f


 
===> 101/1/wlmb.pl <===
Input: 1 2 3 4 5 6 7 8 9 10 11 12
Output:
8	7	6
9	12	5
10	11	4
1	2	3
