 
===> 051/2/arne-sommer.raku <===
234 235 237 238 239 243 245 246 247 249 253 254 256 257 258 259 263 264 265 267 268 269 273 274 275 276 278 279 283 284 285 286 287 289 293 294 295 296 297 298 324 325 327 328 329 342 345 346 347 348 349 352 354 356 357 358 359 362 364 365 367 368 369 372 374 375 376 378 379 382 384 385 386 387 389 392 394 395 396 397 398 423 425 426 427 429 432 435 436 437 438 439 452 453 456 457 458 459 462 463 465 467 468 469 472 473 475 476 478 479 482 483 485 486 487 489 492 493 495 496 497 498 523 524 526 527 528 529 532 534 536 537 538 539 542 543 546 547 548 549 562 563 564 567 568 569 572 573 574 576 578 579 582 583 584 586 587 589 592 593 594 596 597 598 624 625 627 628 629 634 635 637 638 639 642 643 645 647 648 649 652 653 654 657 658 659 672 673 674 675 678 679 682 683 684 685 687 689 692 693 694 695 697 698 723 724 725 726 728 729 732 734 735 736 738 739 742 743 745 746 748 749 752 753 754 756 758 759 762 763 764 765 768 769 782 783 784 785 786 789 792 793 794 795 796 798 823 825 826 827 829 832 834 835 836 837 839 843 845 846 847 849 852 853 854 856 857 859 862 863 864 865 867 869 872 873 874 875 876 879 892 893 894 895 896 897 923 924 925 926 927 928 932 934 935 936 937 938 942 943 945 946 947 948 952 953 954 956 957 958 962 963 964 965 967 968 972 973 974 975 976 978 982 983 984 985 986 987 
 
===> 051/2/colin-crain.raku <===
234
235
237
238
239
243
245
246
247
249
253
254
256
257
258
259
263
264
265
267
268
269
273
274
275
276
278
279
283
284
285
286
287
289
293
294
295
296
297
298
324
325
327
328
329
342
345
346
347
348
349
352
354
356
357
358
359
362
364
365
367
368
369
372
374
375
376
378
379
382
384
385
386
387
389
392
394
395
396
397
398
423
425
426
427
429
432
435
436
437
438
439
452
453
456
457
458
459
462
463
465
467
468
469
472
473
475
476
478
479
482
483
485
486
487
489
492
493
495
496
497
498
523
524
526
527
528
529
532
534
536
537
538
539
542
543
546
547
548
549
562
563
564
567
568
569
572
573
574
576
578
579
582
583
584
586
587
589
592
593
594
596
597
598
624
625
627
628
629
634
635
637
638
639
642
643
645
647
648
649
652
653
654
657
658
659
672
673
674
675
678
679
682
683
684
685
687
689
692
693
694
695
697
698
723
724
725
726
728
729
732
734
735
736
738
739
742
743
745
746
748
749
752
753
754
756
758
759
762
763
764
765
768
769
782
783
784
785
786
789
792
793
794
795
796
798
823
825
826
827
829
832
834
835
836
837
839
843
845
846
847
849
852
853
854
856
857
859
862
863
864
865
867
869
872
873
874
875
876
879
892
893
894
895
896
897
923
924
925
926
927
928
932
934
935
936
937
938
942
943
945
946
947
948
952
953
954
956
957
958
962
963
964
965
967
968
972
973
974
975
976
978
982
983
984
985
986
987
 
===> 051/2/jaldhar-h-vyas.raku <===
234
235
237
238
239
243
245
246
247
249
253
254
256
257
258
259
263
264
265
267
268
269
273
274
275
276
278
279
283
284
285
286
287
289
293
294
295
296
297
298
324
325
327
328
329
342
345
346
347
348
349
352
354
356
357
358
359
362
364
365
367
368
369
372
374
375
376
378
379
382
384
385
386
387
389
392
394
395
396
397
398
423
425
426
427
429
432
435
436
437
438
439
452
453
456
457
458
459
462
463
465
467
468
469
472
473
475
476
478
479
482
483
485
486
487
489
492
493
495
496
497
498
523
524
526
527
528
529
532
534
536
537
538
539
542
543
546
547
548
549
562
563
564
567
568
569
572
573
574
576
578
579
582
583
584
586
587
589
592
593
594
596
597
598
624
625
627
628
629
634
635
637
638
639
642
643
645
647
648
649
652
653
654
657
658
659
672
673
674
675
678
679
682
683
684
685
687
689
692
693
694
695
697
698
723
724
725
726
728
729
732
734
735
736
738
739
742
743
745
746
748
749
752
753
754
756
758
759
762
763
764
765
768
769
782
783
784
785
786
789
792
793
794
795
796
798
823
825
826
827
829
832
834
835
836
837
839
843
845
846
847
849
852
853
854
856
857
859
862
863
864
865
867
869
872
873
874
875
876
879
892
893
894
895
896
897
923
924
925
926
927
928
932
934
935
936
937
938
942
943
945
946
947
948
952
953
954
956
957
958
962
963
964
965
967
968
972
973
974
975
976
978
982
983
984
985
986
987
 
===> 051/2/javier-luque.raku <===
223 224 225 226 227 228 229 233 234 235 236 237 238 239 243 244 245 246 247 248 249 253 254 255 256 257 258 259 263 264 265 266 267 268 269 273 274 275 276 277 278 279 283 284 285 286 287 288 289 293 294 295 296 297 298 299 322 324 325 326 327 328 329 332 334 335 336 337 338 339 342 344 345 346 347 348 349 352 354 355 356 357 358 359 362 364 365 366 367 368 369 372 374 375 376 377 378 379 382 384 385 386 387 388 389 392 394 395 396 397 398 399 422 423 425 426 427 428 429 432 433 435 436 437 438 439 442 443 445 446 447 448 449 452 453 455 456 457 458 459 462 463 465 466 467 468 469 472 473 475 476 477 478 479 482 483 485 486 487 488 489 492 493 495 496 497 498 499 522 523 524 526 527 528 529 532 533 534 536 537 538 539 542 543 544 546 547 548 549 552 553 554 556 557 558 559 562 563 564 566 567 568 569 572 573 574 576 577 578 579 582 583 584 586 587 588 589 592 593 594 596 597 598 599 622 623 624 625 627 628 629 632 633 634 635 637 638 639 642 643 644 645 647 648 649 652 653 654 655 657 658 659 662 663 664 665 667 668 669 672 673 674 675 677 678 679 682 683 684 685 687 688 689 692 693 694 695 697 698 699 722 723 724 725 726 728 729 732 733 734 735 736 738 739 742 743 744 745 746 748 749 752 753 754 755 756 758 759 762 763 764 765 766 768 769 772 773 774 775 776 778 779 782 783 784 785 786 788 789 792 793 794 795 796 798 799 822 823 824 825 826 827 829 832 833 834 835 836 837 839 842 843 844 845 846 847 849 852 853 854 855 856 857 859 862 863 864 865 866 867 869 872 873 874 875 876 877 879 882 883 884 885 886 887 889 892 893 894 895 896 897 899 922 923 924 925 926 927 928 932 933 934 935 936 937 938 942 943 944 945 946 947 948 952 953 954 955 956 957 958 962 963 964 965 966 967 968 972 973 974 975 976 977 978 982 983 984 985 986 987 988 992 993 994 995 996 997 998
 
===> 051/2/kevin-colyer.raku <===
234 is colourful
235 is colourful
237 is colourful
238 is colourful
239 is colourful
243 is colourful
245 is colourful
246 is colourful
247 is colourful
249 is colourful
253 is colourful
254 is colourful
256 is colourful
257 is colourful
258 is colourful
259 is colourful
263 is colourful
264 is colourful
265 is colourful
267 is colourful
268 is colourful
269 is colourful
273 is colourful
274 is colourful
275 is colourful
276 is colourful
278 is colourful
279 is colourful
283 is colourful
284 is colourful
285 is colourful
286 is colourful
287 is colourful
289 is colourful
293 is colourful
294 is colourful
295 is colourful
296 is colourful
297 is colourful
298 is colourful
324 is colourful
325 is colourful
327 is colourful
328 is colourful
329 is colourful
342 is colourful
345 is colourful
346 is colourful
347 is colourful
348 is colourful
349 is colourful
352 is colourful
354 is colourful
356 is colourful
357 is colourful
358 is colourful
359 is colourful
362 is colourful
364 is colourful
365 is colourful
367 is colourful
368 is colourful
369 is colourful
372 is colourful
374 is colourful
375 is colourful
376 is colourful
378 is colourful
379 is colourful
382 is colourful
384 is colourful
385 is colourful
386 is colourful
387 is colourful
389 is colourful
392 is colourful
394 is colourful
395 is colourful
396 is colourful
397 is colourful
398 is colourful
423 is colourful
425 is colourful
426 is colourful
427 is colourful
429 is colourful
432 is colourful
435 is colourful
436 is colourful
437 is colourful
438 is colourful
439 is colourful
452 is colourful
453 is colourful
456 is colourful
457 is colourful
458 is colourful
459 is colourful
462 is colourful
463 is colourful
465 is colourful
467 is colourful
468 is colourful
469 is colourful
472 is colourful
473 is colourful
475 is colourful
476 is colourful
478 is colourful
479 is colourful
482 is colourful
483 is colourful
485 is colourful
486 is colourful
487 is colourful
489 is colourful
492 is colourful
493 is colourful
495 is colourful
496 is colourful
497 is colourful
498 is colourful
523 is colourful
524 is colourful
526 is colourful
527 is colourful
528 is colourful
529 is colourful
532 is colourful
534 is colourful
536 is colourful
537 is colourful
538 is colourful
539 is colourful
542 is colourful
543 is colourful
546 is colourful
547 is colourful
548 is colourful
549 is colourful
562 is colourful
563 is colourful
564 is colourful
567 is colourful
568 is colourful
569 is colourful
572 is colourful
573 is colourful
574 is colourful
576 is colourful
578 is colourful
579 is colourful
582 is colourful
583 is colourful
584 is colourful
586 is colourful
587 is colourful
589 is colourful
592 is colourful
593 is colourful
594 is colourful
596 is colourful
597 is colourful
598 is colourful
624 is colourful
625 is colourful
627 is colourful
628 is colourful
629 is colourful
634 is colourful
635 is colourful
637 is colourful
638 is colourful
639 is colourful
642 is colourful
643 is colourful
645 is colourful
647 is colourful
648 is colourful
649 is colourful
652 is colourful
653 is colourful
654 is colourful
657 is colourful
658 is colourful
659 is colourful
672 is colourful
673 is colourful
674 is colourful
675 is colourful
678 is colourful
679 is colourful
682 is colourful
683 is colourful
684 is colourful
685 is colourful
687 is colourful
689 is colourful
692 is colourful
693 is colourful
694 is colourful
695 is colourful
697 is colourful
698 is colourful
723 is colourful
724 is colourful
725 is colourful
726 is colourful
728 is colourful
729 is colourful
732 is colourful
734 is colourful
735 is colourful
736 is colourful
738 is colourful
739 is colourful
742 is colourful
743 is colourful
745 is colourful
746 is colourful
748 is colourful
749 is colourful
752 is colourful
753 is colourful
754 is colourful
756 is colourful
758 is colourful
759 is colourful
762 is colourful
763 is colourful
764 is colourful
765 is colourful
768 is colourful
769 is colourful
782 is colourful
783 is colourful
784 is colourful
785 is colourful
786 is colourful
789 is colourful
792 is colourful
793 is colourful
794 is colourful
795 is colourful
796 is colourful
798 is colourful
823 is colourful
825 is colourful
826 is colourful
827 is colourful
829 is colourful
832 is colourful
834 is colourful
835 is colourful
836 is colourful
837 is colourful
839 is colourful
843 is colourful
845 is colourful
846 is colourful
847 is colourful
849 is colourful
852 is colourful
853 is colourful
854 is colourful
856 is colourful
857 is colourful
859 is colourful
862 is colourful
863 is colourful
864 is colourful
865 is colourful
867 is colourful
869 is colourful
872 is colourful
873 is colourful
874 is colourful
875 is colourful
876 is colourful
879 is colourful
892 is colourful
893 is colourful
894 is colourful
895 is colourful
896 is colourful
897 is colourful
923 is colourful
924 is colourful
925 is colourful
926 is colourful
927 is colourful
928 is colourful
932 is colourful
934 is colourful
935 is colourful
936 is colourful
937 is colourful
938 is colourful
942 is colourful
943 is colourful
945 is colourful
946 is colourful
947 is colourful
948 is colourful
952 is colourful
953 is colourful
954 is colourful
956 is colourful
957 is colourful
958 is colourful
962 is colourful
963 is colourful
964 is colourful
965 is colourful
967 is colourful
968 is colourful
972 is colourful
973 is colourful
974 is colourful
975 is colourful
976 is colourful
978 is colourful
982 is colourful
983 is colourful
984 is colourful
985 is colourful
986 is colourful
987 is colourful
 
===> 051/2/luca-ferrari.raku <===
234
235
236
237
238
239
243
245
246
247
248
249
253
254
256
257
258
259
263
264
265
267
268
269
273
274
275
276
278
279
283
284
285
286
287
289
293
294
295
296
297
298
324
325
326
327
328
329
342
345
346
347
348
349
352
354
356
357
358
359
362
364
365
367
368
369
372
374
375
376
378
379
382
384
385
386
387
389
392
394
395
396
397
398
423
425
426
427
428
429
432
435
436
437
438
439
452
453
456
457
458
459
462
463
465
467
468
469
472
473
475
476
478
479
482
483
485
486
487
489
492
493
495
496
497
498
523
524
526
527
528
529
532
534
536
537
538
539
542
543
546
547
548
549
562
563
564
567
568
569
572
573
574
576
578
579
582
583
584
586
587
589
592
593
594
596
597
598
624
625
627
628
629
634
635
637
638
639
642
643
645
647
648
649
652
653
654
657
658
659
672
673
674
675
678
679
682
683
684
685
687
689
692
693
694
695
697
698
723
724
725
726
728
729
732
734
735
736
738
739
742
743
745
746
748
749
752
753
754
756
758
759
762
763
764
765
768
769
782
783
784
785
786
789
792
793
794
795
796
798
823
825
826
827
829
832
834
835
836
837
839
843
845
846
847
849
852
853
854
856
857
859
862
863
864
865
867
869
872
873
874
875
876
879
892
893
894
895
896
897
923
924
925
926
927
928
932
934
935
936
937
938
942
943
945
946
947
948
952
953
954
956
957
958
962
963
964
965
967
968
972
973
974
975
976
978
982
983
984
985
986
987
 
===> 051/2/mark-anderson.raku <===
234
235
237
238
239
243
245
246
247
249
253
254
256
257
258
259
263
264
265
267
268
269
273
274
275
276
278
279
283
284
285
286
287
289
293
294
295
296
297
298
324
325
327
328
329
342
345
346
347
348
349
352
354
356
357
358
359
362
364
365
367
368
369
372
374
375
376
378
379
382
384
385
386
387
389
392
394
395
396
397
398
423
425
426
427
429
432
435
436
437
438
439
452
453
456
457
458
459
462
463
465
467
468
469
472
473
475
476
478
479
482
483
485
486
487
489
492
493
495
496
497
498
523
524
526
527
528
529
532
534
536
537
538
539
542
543
546
547
548
549
562
563
564
567
568
569
572
573
574
576
578
579
582
583
584
586
587
589
592
593
594
596
597
598
624
625
627
628
629
634
635
637
638
639
642
643
645
647
648
649
652
653
654
657
658
659
672
673
674
675
678
679
682
683
684
685
687
689
692
693
694
695
697
698
723
724
725
726
728
729
732
734
735
736
738
739
742
743
745
746
748
749
752
753
754
756
758
759
762
763
764
765
768
769
782
783
784
785
786
789
792
793
794
795
796
798
823
825
826
827
829
832
834
835
836
837
839
843
845
846
847
849
852
853
854
856
857
859
862
863
864
865
867
869
872
873
874
875
876
879
892
893
894
895
896
897
923
924
925
926
927
928
932
934
935
936
937
938
942
943
945
946
947
948
952
953
954
956
957
958
962
963
964
965
967
968
972
973
974
975
976
978
982
983
984
985
986
987
 
===> 051/2/markus-holzer.raku <===
234, 235, 237, 238, 239, 243, 245, 246, 247, 249, 253, 254, 256, 257, 258, 259, 263, 264, 265, 267, 268, 269, 273, 274, 275, 276, 278, 279, 283, 284, 285, 286, 287, 289, 293, 294, 295, 296, 297, 298, 324, 325, 327, 328, 329, 342, 345, 346, 347, 348, 349, 352, 354, 356, 357, 358, 359, 362, 364, 365, 367, 368, 369, 372, 374, 375, 376, 378, 379, 382, 384, 385, 386, 387, 389, 392, 394, 395, 396, 397, 398, 423, 425, 426, 427, 429, 432, 435, 436, 437, 438, 439, 452, 453, 456, 457, 458, 459, 462, 463, 465, 467, 468, 469, 472, 473, 475, 476, 478, 479, 482, 483, 485, 486, 487, 489, 492, 493, 495, 496, 497, 498, 523, 524, 526, 527, 528, 529, 532, 534, 536, 537, 538, 539, 542, 543, 546, 547, 548, 549, 562, 563, 564, 567, 568, 569, 572, 573, 574, 576, 578, 579, 582, 583, 584, 586, 587, 589, 592, 593, 594, 596, 597, 598, 624, 625, 627, 628, 629, 634, 635, 637, 638, 639, 642, 643, 645, 647, 648, 649, 652, 653, 654, 657, 658, 659, 672, 673, 674, 675, 678, 679, 682, 683, 684, 685, 687, 689, 692, 693, 694, 695, 697, 698, 723, 724, 725, 726, 728, 729, 732, 734, 735, 736, 738, 739, 742, 743, 745, 746, 748, 749, 752, 753, 754, 756, 758, 759, 762, 763, 764, 765, 768, 769, 782, 783, 784, 785, 786, 789, 792, 793, 794, 795, 796, 798, 823, 825, 826, 827, 829, 832, 834, 835, 836, 837, 839, 843, 845, 846, 847, 849, 852, 853, 854, 856, 857, 859, 862, 863, 864, 865, 867, 869, 872, 873, 874, 875, 876, 879, 892, 893, 894, 895, 896, 897, 923, 924, 925, 926, 927, 928, 932, 934, 935, 936, 937, 938, 942, 943, 945, 946, 947, 948, 952, 953, 954, 956, 957, 958, 962, 963, 964, 965, 967, 968, 972, 973, 974, 975, 976, 978, 982, 983, 984, 985, 986, 987 
===> 051/2/mohammad-anwar.raku <===
[234] => [2, 3, 4, 6, 12, 24]
[235] => [2, 3, 5, 6, 15, 30]
[236] => [2, 3, 6, 6, 18, 36]
[237] => [2, 3, 7, 6, 21, 42]
[238] => [2, 3, 8, 6, 24, 48]
[239] => [2, 3, 9, 6, 27, 54]
[243] => [2, 4, 3, 8, 12, 24]
[245] => [2, 4, 5, 8, 20, 40]
[246] => [2, 4, 6, 8, 24, 48]
[247] => [2, 4, 7, 8, 28, 56]
[248] => [2, 4, 8, 8, 32, 64]
[249] => [2, 4, 9, 8, 36, 72]
[253] => [2, 5, 3, 10, 15, 30]
[254] => [2, 5, 4, 10, 20, 40]
[256] => [2, 5, 6, 10, 30, 60]
[257] => [2, 5, 7, 10, 35, 70]
[258] => [2, 5, 8, 10, 40, 80]
[259] => [2, 5, 9, 10, 45, 90]
[263] => [2, 6, 3, 12, 18, 36]
[264] => [2, 6, 4, 12, 24, 48]
[265] => [2, 6, 5, 12, 30, 60]
[267] => [2, 6, 7, 12, 42, 84]
[268] => [2, 6, 8, 12, 48, 96]
[269] => [2, 6, 9, 12, 54, 108]
[273] => [2, 7, 3, 14, 21, 42]
[274] => [2, 7, 4, 14, 28, 56]
[275] => [2, 7, 5, 14, 35, 70]
[276] => [2, 7, 6, 14, 42, 84]
[278] => [2, 7, 8, 14, 56, 112]
[279] => [2, 7, 9, 14, 63, 126]
[283] => [2, 8, 3, 16, 24, 48]
[284] => [2, 8, 4, 16, 32, 64]
[285] => [2, 8, 5, 16, 40, 80]
[286] => [2, 8, 6, 16, 48, 96]
[287] => [2, 8, 7, 16, 56, 112]
[289] => [2, 8, 9, 16, 72, 144]
[293] => [2, 9, 3, 18, 27, 54]
[294] => [2, 9, 4, 18, 36, 72]
[295] => [2, 9, 5, 18, 45, 90]
[296] => [2, 9, 6, 18, 54, 108]
[297] => [2, 9, 7, 18, 63, 126]
[298] => [2, 9, 8, 18, 72, 144]
[312] => [3, 1, 2, 3, 2, 6]
[314] => [3, 1, 4, 3, 4, 12]
[315] => [3, 1, 5, 3, 5, 15]
[316] => [3, 1, 6, 3, 6, 18]
[317] => [3, 1, 7, 3, 7, 21]
[318] => [3, 1, 8, 3, 8, 24]
[319] => [3, 1, 9, 3, 9, 27]
[324] => [3, 2, 4, 6, 8, 24]
[325] => [3, 2, 5, 6, 10, 30]
[326] => [3, 2, 6, 6, 12, 36]
[327] => [3, 2, 7, 6, 14, 42]
[328] => [3, 2, 8, 6, 16, 48]
[329] => [3, 2, 9, 6, 18, 54]
[342] => [3, 4, 2, 12, 8, 24]
[345] => [3, 4, 5, 12, 20, 60]
[346] => [3, 4, 6, 12, 24, 72]
[347] => [3, 4, 7, 12, 28, 84]
[348] => [3, 4, 8, 12, 32, 96]
[349] => [3, 4, 9, 12, 36, 108]
[352] => [3, 5, 2, 15, 10, 30]
[354] => [3, 5, 4, 15, 20, 60]
[356] => [3, 5, 6, 15, 30, 90]
[357] => [3, 5, 7, 15, 35, 105]
[358] => [3, 5, 8, 15, 40, 120]
[359] => [3, 5, 9, 15, 45, 135]
[362] => [3, 6, 2, 18, 12, 36]
[364] => [3, 6, 4, 18, 24, 72]
[365] => [3, 6, 5, 18, 30, 90]
[367] => [3, 6, 7, 18, 42, 126]
[368] => [3, 6, 8, 18, 48, 144]
[369] => [3, 6, 9, 18, 54, 162]
[372] => [3, 7, 2, 21, 14, 42]
[374] => [3, 7, 4, 21, 28, 84]
[375] => [3, 7, 5, 21, 35, 105]
[376] => [3, 7, 6, 21, 42, 126]
[378] => [3, 7, 8, 21, 56, 168]
[379] => [3, 7, 9, 21, 63, 189]
[382] => [3, 8, 2, 24, 16, 48]
[384] => [3, 8, 4, 24, 32, 96]
[385] => [3, 8, 5, 24, 40, 120]
[386] => [3, 8, 6, 24, 48, 144]
[387] => [3, 8, 7, 24, 56, 168]
[389] => [3, 8, 9, 24, 72, 216]
[392] => [3, 9, 2, 27, 18, 54]
[394] => [3, 9, 4, 27, 36, 108]
[395] => [3, 9, 5, 27, 45, 135]
[396] => [3, 9, 6, 27, 54, 162]
[397] => [3, 9, 7, 27, 63, 189]
[398] => [3, 9, 8, 27, 72, 216]
[412] => [4, 1, 2, 4, 2, 8]
[413] => [4, 1, 3, 4, 3, 12]
[415] => [4, 1, 5, 4, 5, 20]
[416] => [4, 1, 6, 4, 6, 24]
[417] => [4, 1, 7, 4, 7, 28]
[418] => [4, 1, 8, 4, 8, 32]
[419] => [4, 1, 9, 4, 9, 36]
[423] => [4, 2, 3, 8, 6, 24]
[425] => [4, 2, 5, 8, 10, 40]
[426] => [4, 2, 6, 8, 12, 48]
[427] => [4, 2, 7, 8, 14, 56]
[428] => [4, 2, 8, 8, 16, 64]
[429] => [4, 2, 9, 8, 18, 72]
[432] => [4, 3, 2, 12, 6, 24]
[435] => [4, 3, 5, 12, 15, 60]
[436] => [4, 3, 6, 12, 18, 72]
[437] => [4, 3, 7, 12, 21, 84]
[438] => [4, 3, 8, 12, 24, 96]
[439] => [4, 3, 9, 12, 27, 108]
[452] => [4, 5, 2, 20, 10, 40]
[453] => [4, 5, 3, 20, 15, 60]
[456] => [4, 5, 6, 20, 30, 120]
[457] => [4, 5, 7, 20, 35, 140]
[458] => [4, 5, 8, 20, 40, 160]
[459] => [4, 5, 9, 20, 45, 180]
[462] => [4, 6, 2, 24, 12, 48]
[463] => [4, 6, 3, 24, 18, 72]
[465] => [4, 6, 5, 24, 30, 120]
[467] => [4, 6, 7, 24, 42, 168]
[468] => [4, 6, 8, 24, 48, 192]
[469] => [4, 6, 9, 24, 54, 216]
[472] => [4, 7, 2, 28, 14, 56]
[473] => [4, 7, 3, 28, 21, 84]
[475] => [4, 7, 5, 28, 35, 140]
[476] => [4, 7, 6, 28, 42, 168]
[478] => [4, 7, 8, 28, 56, 224]
[479] => [4, 7, 9, 28, 63, 252]
[482] => [4, 8, 2, 32, 16, 64]
[483] => [4, 8, 3, 32, 24, 96]
[485] => [4, 8, 5, 32, 40, 160]
[486] => [4, 8, 6, 32, 48, 192]
[487] => [4, 8, 7, 32, 56, 224]
[489] => [4, 8, 9, 32, 72, 288]
[492] => [4, 9, 2, 36, 18, 72]
[493] => [4, 9, 3, 36, 27, 108]
[495] => [4, 9, 5, 36, 45, 180]
[496] => [4, 9, 6, 36, 54, 216]
[497] => [4, 9, 7, 36, 63, 252]
[498] => [4, 9, 8, 36, 72, 288]
[512] => [5, 1, 2, 5, 2, 10]
[513] => [5, 1, 3, 5, 3, 15]
[514] => [5, 1, 4, 5, 4, 20]
[516] => [5, 1, 6, 5, 6, 30]
[517] => [5, 1, 7, 5, 7, 35]
[518] => [5, 1, 8, 5, 8, 40]
[519] => [5, 1, 9, 5, 9, 45]
[523] => [5, 2, 3, 10, 6, 30]
[524] => [5, 2, 4, 10, 8, 40]
[526] => [5, 2, 6, 10, 12, 60]
[527] => [5, 2, 7, 10, 14, 70]
[528] => [5, 2, 8, 10, 16, 80]
[529] => [5, 2, 9, 10, 18, 90]
[532] => [5, 3, 2, 15, 6, 30]
[534] => [5, 3, 4, 15, 12, 60]
[536] => [5, 3, 6, 15, 18, 90]
[537] => [5, 3, 7, 15, 21, 105]
[538] => [5, 3, 8, 15, 24, 120]
[539] => [5, 3, 9, 15, 27, 135]
[542] => [5, 4, 2, 20, 8, 40]
[543] => [5, 4, 3, 20, 12, 60]
[546] => [5, 4, 6, 20, 24, 120]
[547] => [5, 4, 7, 20, 28, 140]
[548] => [5, 4, 8, 20, 32, 160]
[549] => [5, 4, 9, 20, 36, 180]
[562] => [5, 6, 2, 30, 12, 60]
[563] => [5, 6, 3, 30, 18, 90]
[564] => [5, 6, 4, 30, 24, 120]
[567] => [5, 6, 7, 30, 42, 210]
[568] => [5, 6, 8, 30, 48, 240]
[569] => [5, 6, 9, 30, 54, 270]
[572] => [5, 7, 2, 35, 14, 70]
[573] => [5, 7, 3, 35, 21, 105]
[574] => [5, 7, 4, 35, 28, 140]
[576] => [5, 7, 6, 35, 42, 210]
[578] => [5, 7, 8, 35, 56, 280]
[579] => [5, 7, 9, 35, 63, 315]
[582] => [5, 8, 2, 40, 16, 80]
[583] => [5, 8, 3, 40, 24, 120]
[584] => [5, 8, 4, 40, 32, 160]
[586] => [5, 8, 6, 40, 48, 240]
[587] => [5, 8, 7, 40, 56, 280]
[589] => [5, 8, 9, 40, 72, 360]
[592] => [5, 9, 2, 45, 18, 90]
[593] => [5, 9, 3, 45, 27, 135]
[594] => [5, 9, 4, 45, 36, 180]
[596] => [5, 9, 6, 45, 54, 270]
[597] => [5, 9, 7, 45, 63, 315]
[598] => [5, 9, 8, 45, 72, 360]
[612] => [6, 1, 2, 6, 2, 12]
[613] => [6, 1, 3, 6, 3, 18]
[614] => [6, 1, 4, 6, 4, 24]
[615] => [6, 1, 5, 6, 5, 30]
[617] => [6, 1, 7, 6, 7, 42]
[618] => [6, 1, 8, 6, 8, 48]
[619] => [6, 1, 9, 6, 9, 54]
[623] => [6, 2, 3, 12, 6, 36]
[624] => [6, 2, 4, 12, 8, 48]
[625] => [6, 2, 5, 12, 10, 60]
[627] => [6, 2, 7, 12, 14, 84]
[628] => [6, 2, 8, 12, 16, 96]
[629] => [6, 2, 9, 12, 18, 108]
[632] => [6, 3, 2, 18, 6, 36]
[634] => [6, 3, 4, 18, 12, 72]
[635] => [6, 3, 5, 18, 15, 90]
[637] => [6, 3, 7, 18, 21, 126]
[638] => [6, 3, 8, 18, 24, 144]
[639] => [6, 3, 9, 18, 27, 162]
[642] => [6, 4, 2, 24, 8, 48]
[643] => [6, 4, 3, 24, 12, 72]
[645] => [6, 4, 5, 24, 20, 120]
[647] => [6, 4, 7, 24, 28, 168]
[648] => [6, 4, 8, 24, 32, 192]
[649] => [6, 4, 9, 24, 36, 216]
[652] => [6, 5, 2, 30, 10, 60]
[653] => [6, 5, 3, 30, 15, 90]
[654] => [6, 5, 4, 30, 20, 120]
[657] => [6, 5, 7, 30, 35, 210]
[658] => [6, 5, 8, 30, 40, 240]
[659] => [6, 5, 9, 30, 45, 270]
[672] => [6, 7, 2, 42, 14, 84]
[673] => [6, 7, 3, 42, 21, 126]
[674] => [6, 7, 4, 42, 28, 168]
[675] => [6, 7, 5, 42, 35, 210]
[678] => [6, 7, 8, 42, 56, 336]
[679] => [6, 7, 9, 42, 63, 378]
[682] => [6, 8, 2, 48, 16, 96]
[683] => [6, 8, 3, 48, 24, 144]
[684] => [6, 8, 4, 48, 32, 192]
[685] => [6, 8, 5, 48, 40, 240]
[687] => [6, 8, 7, 48, 56, 336]
[689] => [6, 8, 9, 48, 72, 432]
[692] => [6, 9, 2, 54, 18, 108]
[693] => [6, 9, 3, 54, 27, 162]
[694] => [6, 9, 4, 54, 36, 216]
[695] => [6, 9, 5, 54, 45, 270]
[697] => [6, 9, 7, 54, 63, 378]
[698] => [6, 9, 8, 54, 72, 432]
[712] => [7, 1, 2, 7, 2, 14]
[713] => [7, 1, 3, 7, 3, 21]
[714] => [7, 1, 4, 7, 4, 28]
[715] => [7, 1, 5, 7, 5, 35]
[716] => [7, 1, 6, 7, 6, 42]
[718] => [7, 1, 8, 7, 8, 56]
[719] => [7, 1, 9, 7, 9, 63]
[723] => [7, 2, 3, 14, 6, 42]
[724] => [7, 2, 4, 14, 8, 56]
[725] => [7, 2, 5, 14, 10, 70]
[726] => [7, 2, 6, 14, 12, 84]
[728] => [7, 2, 8, 14, 16, 112]
[729] => [7, 2, 9, 14, 18, 126]
[732] => [7, 3, 2, 21, 6, 42]
[734] => [7, 3, 4, 21, 12, 84]
[735] => [7, 3, 5, 21, 15, 105]
[736] => [7, 3, 6, 21, 18, 126]
[738] => [7, 3, 8, 21, 24, 168]
[739] => [7, 3, 9, 21, 27, 189]
[742] => [7, 4, 2, 28, 8, 56]
[743] => [7, 4, 3, 28, 12, 84]
[745] => [7, 4, 5, 28, 20, 140]
[746] => [7, 4, 6, 28, 24, 168]
[748] => [7, 4, 8, 28, 32, 224]
[749] => [7, 4, 9, 28, 36, 252]
[752] => [7, 5, 2, 35, 10, 70]
[753] => [7, 5, 3, 35, 15, 105]
[754] => [7, 5, 4, 35, 20, 140]
[756] => [7, 5, 6, 35, 30, 210]
[758] => [7, 5, 8, 35, 40, 280]
[759] => [7, 5, 9, 35, 45, 315]
[762] => [7, 6, 2, 42, 12, 84]
[763] => [7, 6, 3, 42, 18, 126]
[764] => [7, 6, 4, 42, 24, 168]
[765] => [7, 6, 5, 42, 30, 210]
[768] => [7, 6, 8, 42, 48, 336]
[769] => [7, 6, 9, 42, 54, 378]
[782] => [7, 8, 2, 56, 16, 112]
[783] => [7, 8, 3, 56, 24, 168]
[784] => [7, 8, 4, 56, 32, 224]
[785] => [7, 8, 5, 56, 40, 280]
[786] => [7, 8, 6, 56, 48, 336]
[789] => [7, 8, 9, 56, 72, 504]
[792] => [7, 9, 2, 63, 18, 126]
[793] => [7, 9, 3, 63, 27, 189]
[794] => [7, 9, 4, 63, 36, 252]
[795] => [7, 9, 5, 63, 45, 315]
[796] => [7, 9, 6, 63, 54, 378]
[798] => [7, 9, 8, 63, 72, 504]
[812] => [8, 1, 2, 8, 2, 16]
[813] => [8, 1, 3, 8, 3, 24]
[814] => [8, 1, 4, 8, 4, 32]
[815] => [8, 1, 5, 8, 5, 40]
[816] => [8, 1, 6, 8, 6, 48]
[817] => [8, 1, 7, 8, 7, 56]
[819] => [8, 1, 9, 8, 9, 72]
[823] => [8, 2, 3, 16, 6, 48]
[824] => [8, 2, 4, 16, 8, 64]
[825] => [8, 2, 5, 16, 10, 80]
[826] => [8, 2, 6, 16, 12, 96]
[827] => [8, 2, 7, 16, 14, 112]
[829] => [8, 2, 9, 16, 18, 144]
[832] => [8, 3, 2, 24, 6, 48]
[834] => [8, 3, 4, 24, 12, 96]
[835] => [8, 3, 5, 24, 15, 120]
[836] => [8, 3, 6, 24, 18, 144]
[837] => [8, 3, 7, 24, 21, 168]
[839] => [8, 3, 9, 24, 27, 216]
[842] => [8, 4, 2, 32, 8, 64]
[843] => [8, 4, 3, 32, 12, 96]
[845] => [8, 4, 5, 32, 20, 160]
[846] => [8, 4, 6, 32, 24, 192]
[847] => [8, 4, 7, 32, 28, 224]
[849] => [8, 4, 9, 32, 36, 288]
[852] => [8, 5, 2, 40, 10, 80]
[853] => [8, 5, 3, 40, 15, 120]
[854] => [8, 5, 4, 40, 20, 160]
[856] => [8, 5, 6, 40, 30, 240]
[857] => [8, 5, 7, 40, 35, 280]
[859] => [8, 5, 9, 40, 45, 360]
[862] => [8, 6, 2, 48, 12, 96]
[863] => [8, 6, 3, 48, 18, 144]
[864] => [8, 6, 4, 48, 24, 192]
[865] => [8, 6, 5, 48, 30, 240]
[867] => [8, 6, 7, 48, 42, 336]
[869] => [8, 6, 9, 48, 54, 432]
[872] => [8, 7, 2, 56, 14, 112]
[873] => [8, 7, 3, 56, 21, 168]
[874] => [8, 7, 4, 56, 28, 224]
[875] => [8, 7, 5, 56, 35, 280]
[876] => [8, 7, 6, 56, 42, 336]
[879] => [8, 7, 9, 56, 63, 504]
[892] => [8, 9, 2, 72, 18, 144]
[893] => [8, 9, 3, 72, 27, 216]
[894] => [8, 9, 4, 72, 36, 288]
[895] => [8, 9, 5, 72, 45, 360]
[896] => [8, 9, 6, 72, 54, 432]
[897] => [8, 9, 7, 72, 63, 504]
[912] => [9, 1, 2, 9, 2, 18]
[913] => [9, 1, 3, 9, 3, 27]
[914] => [9, 1, 4, 9, 4, 36]
[915] => [9, 1, 5, 9, 5, 45]
[916] => [9, 1, 6, 9, 6, 54]
[917] => [9, 1, 7, 9, 7, 63]
[918] => [9, 1, 8, 9, 8, 72]
[923] => [9, 2, 3, 18, 6, 54]
[924] => [9, 2, 4, 18, 8, 72]
[925] => [9, 2, 5, 18, 10, 90]
[926] => [9, 2, 6, 18, 12, 108]
[927] => [9, 2, 7, 18, 14, 126]
[928] => [9, 2, 8, 18, 16, 144]
[932] => [9, 3, 2, 27, 6, 54]
[934] => [9, 3, 4, 27, 12, 108]
[935] => [9, 3, 5, 27, 15, 135]
[936] => [9, 3, 6, 27, 18, 162]
[937] => [9, 3, 7, 27, 21, 189]
[938] => [9, 3, 8, 27, 24, 216]
[942] => [9, 4, 2, 36, 8, 72]
[943] => [9, 4, 3, 36, 12, 108]
[945] => [9, 4, 5, 36, 20, 180]
[946] => [9, 4, 6, 36, 24, 216]
[947] => [9, 4, 7, 36, 28, 252]
[948] => [9, 4, 8, 36, 32, 288]
[952] => [9, 5, 2, 45, 10, 90]
[953] => [9, 5, 3, 45, 15, 135]
[954] => [9, 5, 4, 45, 20, 180]
[956] => [9, 5, 6, 45, 30, 270]
[957] => [9, 5, 7, 45, 35, 315]
[958] => [9, 5, 8, 45, 40, 360]
[962] => [9, 6, 2, 54, 12, 108]
[963] => [9, 6, 3, 54, 18, 162]
[964] => [9, 6, 4, 54, 24, 216]
[965] => [9, 6, 5, 54, 30, 270]
[967] => [9, 6, 7, 54, 42, 378]
[968] => [9, 6, 8, 54, 48, 432]
[972] => [9, 7, 2, 63, 14, 126]
[973] => [9, 7, 3, 63, 21, 189]
[974] => [9, 7, 4, 63, 28, 252]
[975] => [9, 7, 5, 63, 35, 315]
[976] => [9, 7, 6, 63, 42, 378]
[978] => [9, 7, 8, 63, 56, 504]
[982] => [9, 8, 2, 72, 16, 144]
[983] => [9, 8, 3, 72, 24, 216]
[984] => [9, 8, 4, 72, 32, 288]
[985] => [9, 8, 5, 72, 40, 360]
[986] => [9, 8, 6, 72, 48, 432]
[987] => [9, 8, 7, 72, 56, 504]
 
===> 051/2/roger-bell-west.raku <===
234
235
237
238
239
243
245
246
247
249
253
254
256
257
258
259
263
264
265
267
268
269
273
274
275
276
278
279
283
284
285
286
287
289
293
294
295
296
297
298
324
325
327
328
329
342
345
346
347
348
349
352
354
356
357
358
359
362
364
365
367
368
369
372
374
375
376
378
379
382
384
385
386
387
389
392
394
395
396
397
398
423
425
426
427
429
432
435
436
437
438
439
452
453
456
457
458
459
462
463
465
467
468
469
472
473
475
476
478
479
482
483
485
486
487
489
492
493
495
496
497
498
523
524
526
527
528
529
532
534
536
537
538
539
542
543
546
547
548
549
562
563
564
567
568
569
572
573
574
576
578
579
582
583
584
586
587
589
592
593
594
596
597
598
624
625
627
628
629
634
635
637
638
639
642
643
645
647
648
649
652
653
654
657
658
659
672
673
674
675
678
679
682
683
684
685
687
689
692
693
694
695
697
698
723
724
725
726
728
729
732
734
735
736
738
739
742
743
745
746
748
749
752
753
754
756
758
759
762
763
764
765
768
769
782
783
784
785
786
789
792
793
794
795
796
798
823
825
826
827
829
832
834
835
836
837
839
843
845
846
847
849
852
853
854
856
857
859
862
863
864
865
867
869
872
873
874
875
876
879
892
893
894
895
896
897
923
924
925
926
927
928
932
934
935
936
937
938
942
943
945
946
947
948
952
953
954
956
957
958
962
963
964
965
967
968
972
973
974
975
976
978
982
983
984
985
986
987
 
===> 051/2/ruben-westerberg.raku <===
234 is Colourful
235 is Colourful
237 is Colourful
238 is Colourful
239 is Colourful
243 is Colourful
245 is Colourful
246 is Colourful
247 is Colourful
249 is Colourful
253 is Colourful
254 is Colourful
256 is Colourful
257 is Colourful
258 is Colourful
259 is Colourful
263 is Colourful
264 is Colourful
265 is Colourful
267 is Colourful
268 is Colourful
269 is Colourful
273 is Colourful
274 is Colourful
275 is Colourful
276 is Colourful
278 is Colourful
279 is Colourful
283 is Colourful
284 is Colourful
285 is Colourful
286 is Colourful
287 is Colourful
289 is Colourful
293 is Colourful
294 is Colourful
295 is Colourful
296 is Colourful
297 is Colourful
298 is Colourful
324 is Colourful
325 is Colourful
327 is Colourful
328 is Colourful
329 is Colourful
342 is Colourful
345 is Colourful
346 is Colourful
347 is Colourful
348 is Colourful
349 is Colourful
352 is Colourful
354 is Colourful
356 is Colourful
357 is Colourful
358 is Colourful
359 is Colourful
362 is Colourful
364 is Colourful
365 is Colourful
367 is Colourful
368 is Colourful
369 is Colourful
372 is Colourful
374 is Colourful
375 is Colourful
376 is Colourful
378 is Colourful
379 is Colourful
382 is Colourful
384 is Colourful
385 is Colourful
386 is Colourful
387 is Colourful
389 is Colourful
392 is Colourful
394 is Colourful
395 is Colourful
396 is Colourful
397 is Colourful
398 is Colourful
423 is Colourful
425 is Colourful
426 is Colourful
427 is Colourful
429 is Colourful
432 is Colourful
435 is Colourful
436 is Colourful
437 is Colourful
438 is Colourful
439 is Colourful
452 is Colourful
453 is Colourful
456 is Colourful
457 is Colourful
458 is Colourful
459 is Colourful
462 is Colourful
463 is Colourful
465 is Colourful
467 is Colourful
468 is Colourful
469 is Colourful
472 is Colourful
473 is Colourful
475 is Colourful
476 is Colourful
478 is Colourful
479 is Colourful
482 is Colourful
483 is Colourful
485 is Colourful
486 is Colourful
487 is Colourful
489 is Colourful
492 is Colourful
493 is Colourful
495 is Colourful
496 is Colourful
497 is Colourful
498 is Colourful
523 is Colourful
524 is Colourful
526 is Colourful
527 is Colourful
528 is Colourful
529 is Colourful
532 is Colourful
534 is Colourful
536 is Colourful
537 is Colourful
538 is Colourful
539 is Colourful
542 is Colourful
543 is Colourful
546 is Colourful
547 is Colourful
548 is Colourful
549 is Colourful
562 is Colourful
563 is Colourful
564 is Colourful
567 is Colourful
568 is Colourful
569 is Colourful
572 is Colourful
573 is Colourful
574 is Colourful
576 is Colourful
578 is Colourful
579 is Colourful
582 is Colourful
583 is Colourful
584 is Colourful
586 is Colourful
587 is Colourful
589 is Colourful
592 is Colourful
593 is Colourful
594 is Colourful
596 is Colourful
597 is Colourful
598 is Colourful
624 is Colourful
625 is Colourful
627 is Colourful
628 is Colourful
629 is Colourful
634 is Colourful
635 is Colourful
637 is Colourful
638 is Colourful
639 is Colourful
642 is Colourful
643 is Colourful
645 is Colourful
647 is Colourful
648 is Colourful
649 is Colourful
652 is Colourful
653 is Colourful
654 is Colourful
657 is Colourful
658 is Colourful
659 is Colourful
672 is Colourful
673 is Colourful
674 is Colourful
675 is Colourful
678 is Colourful
679 is Colourful
682 is Colourful
683 is Colourful
684 is Colourful
685 is Colourful
687 is Colourful
689 is Colourful
692 is Colourful
693 is Colourful
694 is Colourful
695 is Colourful
697 is Colourful
698 is Colourful
723 is Colourful
724 is Colourful
725 is Colourful
726 is Colourful
728 is Colourful
729 is Colourful
732 is Colourful
734 is Colourful
735 is Colourful
736 is Colourful
738 is Colourful
739 is Colourful
742 is Colourful
743 is Colourful
745 is Colourful
746 is Colourful
748 is Colourful
749 is Colourful
752 is Colourful
753 is Colourful
754 is Colourful
756 is Colourful
758 is Colourful
759 is Colourful
762 is Colourful
763 is Colourful
764 is Colourful
765 is Colourful
768 is Colourful
769 is Colourful
782 is Colourful
783 is Colourful
784 is Colourful
785 is Colourful
786 is Colourful
789 is Colourful
792 is Colourful
793 is Colourful
794 is Colourful
795 is Colourful
796 is Colourful
798 is Colourful
823 is Colourful
825 is Colourful
826 is Colourful
827 is Colourful
829 is Colourful
832 is Colourful
834 is Colourful
835 is Colourful
836 is Colourful
837 is Colourful
839 is Colourful
843 is Colourful
845 is Colourful
846 is Colourful
847 is Colourful
849 is Colourful
852 is Colourful
853 is Colourful
854 is Colourful
856 is Colourful
857 is Colourful
859 is Colourful
862 is Colourful
863 is Colourful
864 is Colourful
865 is Colourful
867 is Colourful
869 is Colourful
872 is Colourful
873 is Colourful
874 is Colourful
875 is Colourful
876 is Colourful
879 is Colourful
892 is Colourful
893 is Colourful
894 is Colourful
895 is Colourful
896 is Colourful
897 is Colourful
923 is Colourful
924 is Colourful
925 is Colourful
926 is Colourful
927 is Colourful
928 is Colourful
932 is Colourful
934 is Colourful
935 is Colourful
936 is Colourful
937 is Colourful
938 is Colourful
942 is Colourful
943 is Colourful
945 is Colourful
946 is Colourful
947 is Colourful
948 is Colourful
952 is Colourful
953 is Colourful
954 is Colourful
956 is Colourful
957 is Colourful
958 is Colourful
962 is Colourful
963 is Colourful
964 is Colourful
965 is Colourful
967 is Colourful
968 is Colourful
972 is Colourful
973 is Colourful
974 is Colourful
975 is Colourful
976 is Colourful
978 is Colourful
982 is Colourful
983 is Colourful
984 is Colourful
985 is Colourful
986 is Colourful
987 is Colourful
 
===> 051/2/ryan-thompson.raku <===
234
235
237
238
239
243
245
246
247
249
253
254
256
257
258
259
263
264
265
267
268
269
273
274
275
276
278
279
283
284
285
286
287
289
293
294
295
296
297
298
324
325
327
328
329
342
345
346
347
348
349
352
354
356
357
358
359
362
364
365
367
368
369
372
374
375
376
378
379
382
384
385
386
387
389
392
394
395
396
397
398
423
425
426
427
429
432
435
436
437
438
439
452
453
456
457
458
459
462
463
465
467
468
469
472
473
475
476
478
479
482
483
485
486
487
489
492
493
495
496
497
498
523
524
526
527
528
529
532
534
536
537
538
539
542
543
546
547
548
549
562
563
564
567
568
569
572
573
574
576
578
579
582
583
584
586
587
589
592
593
594
596
597
598
624
625
627
628
629
634
635
637
638
639
642
643
645
647
648
649
652
653
654
657
658
659
672
673
674
675
678
679
682
683
684
685
687
689
692
693
694
695
697
698
723
724
725
726
728
729
732
734
735
736
738
739
742
743
745
746
748
749
752
753
754
756
758
759
762
763
764
765
768
769
782
783
784
785
786
789
792
793
794
795
796
798
823
825
826
827
829
832
834
835
836
837
839
843
845
846
847
849
852
853
854
856
857
859
862
863
864
865
867
869
872
873
874
875
876
879
892
893
894
895
896
897
923
924
925
926
927
928
932
934
935
936
937
938
942
943
945
946
947
948
952
953
954
956
957
958
962
963
964
965
967
968
972
973
974
975
976
978
982
983
984
985
986
987
 
===> 051/2/simon-proctor.raku <===
234
235
237
238
239
243
245
246
247
249
253
254
256
257
258
259
263
264
265
267
268
269
273
274
275
276
278
279
283
284
285
286
287
289
293
294
295
296
297
298
324
325
327
328
329
342
345
346
347
348
349
352
354
356
357
358
359
362
364
365
367
368
369
372
374
375
376
378
379
382
384
385
386
387
389
392
394
395
396
397
398
423
425
426
427
429
432
435
436
437
438
439
452
453
456
457
458
459
462
463
465
467
468
469
472
473
475
476
478
479
482
483
485
486
487
489
492
493
495
496
497
498
523
524
526
527
528
529
532
534
536
537
538
539
542
543
546
547
548
549
562
563
564
567
568
569
572
573
574
576
578
579
582
583
584
586
587
589
592
593
594
596
597
598
623
624
625
627
628
629
632
634
635
637
638
639
642
643
645
647
648
649
652
653
654
657
658
659
672
673
674
675
678
679
682
683
684
685
687
689
692
693
694
695
697
698
723
724
725
726
728
729
732
734
735
736
738
739
742
743
745
746
748
749
752
753
754
756
758
759
762
763
764
765
768
769
782
783
784
785
786
789
792
793
794
795
796
798
823
824
825
826
827
829
832
834
835
836
837
839
842
843
845
846
847
849
852
853
854
856
857
859
862
863
864
865
867
869
872
873
874
875
876
879
892
893
894
895
896
897
923
924
925
926
927
928
932
934
935
936
937
938
942
943
945
946
947
948
952
953
954
956
957
958
962
963
964
965
967
968
972
973
974
975
976
978
982
983
984
985
986
987
 
===> 051/2/stuart-little.raku <===
(234 235 237 238 239 243 245 246 247 249 253 254 256 257 258 259 263 264 265 267 268 269 273 274 275 276 278 279 283 284 285 286 287 289 293 294 295 296 297 298 324 325 327 328 329 342 345 346 347 348 349 352 354 356 357 358 359 362 364 365 367 368 369 372 374 375 376 378 379 382 384 385 386 387 389 392 394 395 396 397 398 423 425 426 427 429 432 435 436 437 438 439 452 453 456 457 458 459 462 463 ...)
 
===> 051/2/ulrich-rieke.raku <===
234
235
237
238
239
243
245
246
247
249
253
254
256
257
258
259
264
265
267
268
269
273
274
275
276
278
279
283
285
286
287
289
293
294
295
296
297
298
324
325
327
328
329
342
345
346
347
348
349
352
354
356
357
358
359
364
365
367
368
369
372
374
375
376
378
379
382
384
385
386
387
389
392
394
395
396
397
398
423
425
426
427
429
432
435
436
437
438
439
452
453
456
457
458
459
462
463
465
467
468
469
472
473
475
476
478
479
483
485
486
487
489
492
493
495
496
497
498
523
524
526
527
528
529
532
534
536
537
538
539
542
543
546
547
548
549
562
563
564
567
568
569
572
573
574
576
578
579
582
583
584
586
587
589
592
593
594
596
597
598
624
625
627
628
629
634
635
637
638
639
642
643
645
647
648
649
652
653
654
657
658
659
672
673
674
675
678
679
682
683
684
685
687
689
692
693
694
695
697
698
723
724
725
726
728
729
732
734
735
736
738
739
742
743
745
746
748
749
752
753
754
756
758
759
762
763
764
765
768
769
782
783
784
785
786
789
792
793
794
795
796
798
823
825
826
827
829
832
834
835
836
837
839
843
845
846
847
849
852
853
854
856
857
859
862
863
864
865
867
869
872
873
874
875
876
879
892
893
894
895
896
897
923
924
925
926
927
928
932
934
935
936
937
938
942
943
945
946
947
948
952
953
954
956
957
958
962
963
964
965
967
968
972
973
974
975
976
978
982
983
984
985
986
987
