 
===> 163/2/adam-russell.pl <===
1 2 3 4 5
2 5 9 14
5 14 28
14 42
42

1 3 5 7 9
3 8 15 24
8 23 47
23 70
70
 
===> 163/2/arne-sommer.pl <===
70
 
===> 163/2/athanasius.pl <===
Input:  @n = (1, 3, 5, 7, 9)
Output: 70

    1 3 5  7  9
      3 8 15 24
        8 23 47
          23 70
             70
 
===> 163/2/cheok-yin-fung.pl <===
1..2
ok 1
ok 2
 
===> 163/2/colin-crain.pl <===

trianglular reduction steps:

    1    2    3    4    5
         2    5    9   14
              5   14   28
                  14   42
                       42
sum  42

ok 1 - ex-1

trianglular reduction steps:

    1    3    5    7    9
         3    8   15   24
              8   23   47
                  23   70
                       70
sum  70

ok 2 - ex-2
1..2
 
===> 163/2/dave-jacoby.pl <===
    Input:  @n = (1, 2, 3, 4, 5)
    Output: 42

 
===> 163/2/james-smith.pl <===

ok 1

ok 2

ok 3

ok 4

ok 5

1 3 5 7 9
3 8 15 24
8 23 47
23 70
70
ok 6

1 2 3 4 5
2 5 9 14
5 14 28
14 42
42
ok 7

1 2 3 4 5 6 7 8 9
2 5 9 14 20 27 35 44
5 14 28 48 75 110 154
14 42 90 165 275 429
42 132 297 572 1001
132 429 1001 2002
429 1430 3432
1430 4862
4862
ok 8

1 2 3 4 5 6 7 8 9 10 11 12 13 14 15
2 5 9 14 20 27 35 44 54 65 77 90 104 119
5 14 28 48 75 110 154 208 273 350 440 544 663
14 42 90 165 275 429 637 910 1260 1700 2244 2907
42 132 297 572 1001 1638 2548 3808 5508 7752 10659
132 429 1001 2002 3640 6188 9996 15504 23256 33915
429 1430 3432 7072 13260 23256 38760 62016 95931
1430 4862 11934 25194 48450 87210 149226 245157
4862 16796 41990 90440 177650 326876 572033
16796 58786 149226 326876 653752 1225785
58786 208012 534888 1188640 2414425
208012 742900 1931540 4345965
742900 2674440 7020405
2674440 9694845
9694845
ok 9

1 2 3 4 5 6 7 8 9 10 11 12 13 14 15 16 17 18 19 20
2 5 9 14 20 27 35 44 54 65 77 90 104 119 135 152 170 189 209
5 14 28 48 75 110 154 208 273 350 440 544 663 798 950 1120 1309 1518
14 42 90 165 275 429 637 910 1260 1700 2244 2907 3705 4655 5775 7084 8602
42 132 297 572 1001 1638 2548 3808 5508 7752 10659 14364 19019 24794 31878 40480
132 429 1001 2002 3640 6188 9996 15504 23256 33915 48279 67298 92092 123970 164450
429 1430 3432 7072 13260 23256 38760 62016 95931 144210 211508 303600 427570 592020
1430 4862 11934 25194 48450 87210 149226 245157 389367 600875 904475 1332045 1924065
4862 16796 41990 90440 177650 326876 572033 961400 1562275 2466750 3798795 5722860
16796 58786 149226 326876 653752 1225785 2187185 3749460 6216210 10015005 15737865
58786 208012 534888 1188640 2414425 4601610 8351070 14567280 24582285 40320150
208012 742900 1931540 4345965 8947575 17298645 31865925 56448210 96768360
742900 2674440 7020405 15967980 33266625 65132550 121580760 218349120
2674440 9694845 25662825 58929450 124062000 245642760 463991880
9694845 35357670 94287120 218349120 463991880 927983760
35357670 129644790 347993910 811985790 1739969550
129644790 477638700 1289624490 3029594040
477638700 1767263190 4796857230
1767263190 6564120420
6564120420
ok 10

           1           3           5           7           9
                       3           8          15          24
                                   8          23          47
                                              23          70
                                                          70
ok 11

           1           2           3           4           5
                       2           5           9          14
                                   5          14          28
                                              14          42
                                                          42
ok 12

           1           2           3           4           5           6           7           8           9
                       2           5           9          14          20          27          35          44
                                   5          14          28          48          75         110         154
                                              14          42          90         165         275         429
                                                          42         132         297         572        1001
                                                                     132         429        1001        2002
                                                                                 429        1430        3432
                                                                                            1430        4862
                                                                                                        4862
ok 13

           1           2           3           4           5           6           7           8           9          10          11          12          13          14          15
                       2           5           9          14          20          27          35          44          54          65          77          90         104         119
                                   5          14          28          48          75         110         154         208         273         350         440         544         663
                                              14          42          90         165         275         429         637         910        1260        1700        2244        2907
                                                          42         132         297         572        1001        1638        2548        3808        5508        7752       10659
                                                                     132         429        1001        2002        3640        6188        9996       15504       23256       33915
                                                                                 429        1430        3432        7072       13260       23256       38760       62016       95931
                                                                                            1430        4862       11934       25194       48450       87210      149226      245157
                                                                                                        4862       16796       41990       90440      177650      326876      572033
                                                                                                                   16796       58786      149226      326876      653752     1225785
                                                                                                                               58786      208012      534888     1188640     2414425
                                                                                                                                          208012      742900     1931540     4345965
                                                                                                                                                      742900     2674440     7020405
                                                                                                                                                                 2674440     9694845
                                                                                                                                                                             9694845
ok 14

           1           2           3           4           5           6           7           8           9          10          11          12          13          14          15          16          17          18          19          20
                       2           5           9          14          20          27          35          44          54          65          77          90         104         119         135         152         170         189         209
                                   5          14          28          48          75         110         154         208         273         350         440         544         663         798         950        1120        1309        1518
                                              14          42          90         165         275         429         637         910        1260        1700        2244        2907        3705        4655        5775        7084        8602
                                                          42         132         297         572        1001        1638        2548        3808        5508        7752       10659       14364       19019       24794       31878       40480
                                                                     132         429        1001        2002        3640        6188        9996       15504       23256       33915       48279       67298       92092      123970      164450
                                                                                 429        1430        3432        7072       13260       23256       38760       62016       95931      144210      211508      303600      427570      592020
                                                                                            1430        4862       11934       25194       48450       87210      149226      245157      389367      600875      904475     1332045     1924065
                                                                                                        4862       16796       41990       90440      177650      326876      572033      961400     1562275     2466750     3798795     5722860
                                                                                                                   16796       58786      149226      326876      653752     1225785     2187185     3749460     6216210    10015005    15737865
                                                                                                                               58786      208012      534888     1188640     2414425     4601610     8351070    14567280    24582285    40320150
                                                                                                                                          208012      742900     1931540     4345965     8947575    17298645    31865925    56448210    96768360
                                                                                                                                                      742900     2674440     7020405    15967980    33266625    65132550   121580760   218349120
                                                                                                                                                                 2674440     9694845    25662825    58929450   124062000   245642760   463991880
                                                                                                                                                                             9694845    35357670    94287120   218349120   463991880   927983760
                                                                                                                                                                                        35357670   129644790   347993910   811985790  1739969550
                                                                                                                                                                                                   129644790   477638700  1289624490  3029594040
                                                                                                                                                                                                               477638700  1767263190  4796857230
                                                                                                                                                                                                                          1767263190  6564120420
                                                                                                                                                                                                                                      6564120420
ok 15

ok 16

ok 17

ok 18

ok 19

ok 20

1..20

 
===> 163/2/jo-37.pl <===
# Seeded srand with seed '1' from import arg.
ok 1 - example 1
ok 2 - example 2
1..2
 
===> 163/2/lubos-kolouch.pl <===
ok 1 - Test 1 2 3 4 5
ok 2 - Test 1 3 5 7 9
ok 3 - Test 1
ok 4 - Test 1 2
1..4
 
===> 163/2/mohammad-anwar.pl <===
ok 1 - Example 1
ok 2 - Example 2
1..2
 
===> 163/2/pokgopun.pl <===
Input: @n = (1, 2, 3, 4, 5)
Output: 42

Input: @n = (1, 3, 5, 7, 9)
Output: 70

 
===> 163/2/polettix.pl <===
70
 
===> 163/2/roger-bell-west.pl <===
1..2
ok 1 - example 1
ok 2 - example 2
 
===> 163/2/ryan-thompson.pl <===
70
