 
===> 153/1/2colours.raku <===
1, 2, 4, 10, 34, 154, 874, 5914, 46234, 409114
 
===> 153/1/arne-sommer.raku <===
1, 2, 4, 10, 34, 154, 874, 5914, 46234, 409114
 
===> 153/1/laurent-rosenfeld.raku <===
(1 2 4 10 34 154 874 5914 46234 409114)
 
===> 153/1/luca-ferrari.raku <===
0
1
2
4
10
34
154
874
5914
46234
409114
 
===> 153/1/mark-anderson.raku <===
(1 2 4 10 34 154 874 5914 46234 409114)
 
===> 153/1/polettix.raku <===
1, 2, 4, 10, 34, 154, 874, 5914, 46234, 409114
1, 2, 4, 10, 34, 154, 874, 5914, 46234, 409114
 
===> 153/1/robert-dicicco.raku <===
Left Factorials: 1 2 4 10 34 154 874 5914 46234 409114 
 
===> 153/1/roger-bell-west.raku <===
1..1
ok 1 - example 1
 
===> 153/1/ulrich-rieke.raku <===
[1 2 4 10 34 154 874 5914 46234 409114]
 
===> 153/1/wambash.raku <===
1 2 4 10 34 154 874 5914 46234 409114
