 
===> 274/2/athanasius.pl <===

Challenge 274, Task #2: Bus Route (Perl)

Running the test suite
ok 1 - Example 1
ok 2 - Example 2
ok 3 - One route 1
ok 4 - One route 2
ok 5 - Longer
ok 6 - Example 1a
ok 7 - Example 2a
1..7
 
===> 274/2/atschneid.pl <===
36, 37, 38, 39, 40, 41, 42, 43, 44, 45, 46, 47
0, 1, 2, 3, 25, 26, 27, 40, 41, 42, 43, 44, 45, 46, 47, 48, 49, 50, 51, 55, 56, 57, 58, 59
 
===> 274/2/bob-lied.pl <===
 
===> 274/2/cheok-yin-fung.pl <===
36, 37, 38, 39, 40, 41, 42, 43, 44, 45, 46, 47, 
 
===> 274/2/dave-jacoby.pl <===
Input:  [[12, 11, 41], [15, 5, 35]]
Output: [36, 37, 38, 39, 40, 41, 42, 43, 44, 45, 46, 47]

Input:  [[12, 3, 41], [15, 9, 35], [30, 5, 25]]
Output: [0, 1, 2, 3, 25, 26, 27, 40, 41, 42, 43, 44, 45, 46, 47, 48, 49, 50, 51, 55, 56, 57, 58, 59]

 
===> 274/2/e-choroba.pl <===
1..4
ok 1 - Example 1
ok 2 - Example 2
ok 3 - Arrival at the same time
ok 4 - Alternative trumps only one bus
 
===> 274/2/jo-37.pl <===
 
===> 274/2/joelle-maslak.pl <===
 
===> 274/2/packy-anderson.pl <===
Example 1:
Input: [ [12, 11, 41], [15, 5, 35] ]
Output: [36, 37, 38, 39, 40, 41, 42, 43, 44, 45, 46, 47]

Example 2:
Input: [ [12, 3, 41], [15, 9, 35], [30, 5, 25] ]
Output: [0, 1, 2, 3, 25, 26, 27, 40, 41, 42, 43, 44, 45, 46, 47, 48, 49, 50, 51, 55, 56, 57, 58, 59]
 
===> 274/2/peter-campbell-smith.pl <===

Input:
    rt int off dur
     1  12  11  41
     2  15   5  35
Output:
    at take lv  ar  not lv  ar
    36    2 50  85    1 47  88
    37    2 50  85    1 47  88
    38    2 50  85    1 47  88
    39    2 50  85    1 47  88
    40    2 50  85    1 47  88
    41    2 50  85    1 47  88
    42    2 50  85    1 47  88
    43    2 50  85    1 47  88
    44    2 50  85    1 47  88
    45    2 50  85    1 47  88
    46    2 50  85    1 47  88
    47    2 50  85    1 47  88

Input:
    rt int off dur
     1  12   3  41
     2  15   9  35
     3  30   5  25
Output:
    at take lv  ar  not lv  ar
    00    3 05  30    1 03  44
    01    3 05  30    1 03  44
    02    3 05  30    1 03  44
    03    3 05  30    1 03  44
    25    3 35  60    1 27  68
    26    3 35  60    1 27  68
    27    3 35  60    1 27  68
    40    2 54  89    1 51  92
    41    2 54  89    1 51  92
    42    2 54  89    1 51  92
    43    2 54  89    1 51  92
    44    2 54  89    1 51  92
    45    2 54  89    1 51  92
    46    2 54  89    1 51  92
    47    2 54  89    1 51  92
    48    2 54  89    1 51  92
    49    2 54  89    1 51  92
    50    2 54  89    1 51  92
    51    2 54  89    1 51  92
    55    3 65  90    1 63 104
    56    3 65  90    1 63 104
    57    3 65  90    1 63 104
    58    3 65  90    1 63 104
    59    3 65  90    1 63 104

Input:
    rt int off dur
     1  20   0  13
     2  15  14  15
     3  30  15   7
Output:
    at take lv  ar  not lv  ar
    01    3 15  22    2 14  29
    02    3 15  22    2 14  29
    03    3 15  22    2 14  29
    04    3 15  22    2 14  29
    05    3 15  22    2 14  29
    06    3 15  22    2 14  29
    07    3 15  22    2 14  29
    08    3 15  22    2 14  29
    09    3 15  22    2 14  29
    10    3 15  22    2 14  29
    11    3 15  22    2 14  29
    12    3 15  22    2 14  29
    13    3 15  22    2 14  29
    14    3 15  22    2 14  29
    30    3 45  52    1 40  53
    30    3 45  52    2 44  59
    31    3 45  52    1 40  53
    31    3 45  52    2 44  59
    32    3 45  52    1 40  53
    32    3 45  52    2 44  59
    33    3 45  52    1 40  53
    33    3 45  52    2 44  59
    34    3 45  52    1 40  53
    34    3 45  52    2 44  59
    35    3 45  52    1 40  53
    35    3 45  52    2 44  59
    36    3 45  52    1 40  53
    36    3 45  52    2 44  59
    37    3 45  52    1 40  53
    37    3 45  52    2 44  59
    38    3 45  52    1 40  53
    38    3 45  52    2 44  59
    39    3 45  52    1 40  53
    39    3 45  52    2 44  59
    40    3 45  52    1 40  53
    40    3 45  52    2 44  59
    41    3 45  52    2 44  59
    42    3 45  52    2 44  59
    43    3 45  52    2 44  59
    44    3 45  52    2 44  59
    46    1 60  73    2 59  74
    47    1 60  73    2 59  74
    48    1 60  73    2 59  74
    49    1 60  73    2 59  74
    50    1 60  73    2 59  74
    51    1 60  73    2 59  74
    52    1 60  73    2 59  74
    53    1 60  73    2 59  74
    54    1 60  73    2 59  74
    55    1 60  73    2 59  74
    56    1 60  73    2 59  74
    57    1 60  73    2 59  74
    58    1 60  73    2 59  74
    59    1 60  73    2 59  74
 
===> 274/2/peter-meszaros.pl <===
 
===> 274/2/roger-bell-west.pl <===
1..2
ok 1 - example 1
ok 2 - example 2
 
===> 274/2/ulrich-rieke.pl <===
Enter the schedule of some bus lines in 3 numbers each!
[]
 
===> 274/2/zapwai.pl <===
36, 37, 38, 39, 40, 41, 42, 43, 44, 45, 46, 47
