 
===> 003/1/abigail.pl <===
1
2
3
4
5
6
8
9
10
12
15
16
18
20
24
25
27
30
32
36
 
===> 003/1/adam-russell.pl <===
2 3 4 5 6 8 9 10 12 15 16 18 20 24 25 27 30 32 36 40 45  
===> 003/1/andrezgz.pl <===
1
2
3
4
5
6
8
9
10
12
15
16
18
20
24
25
27
30
32
36
40
45
 
===> 003/1/athanasius.pl <===

1 2 3 4 5 6 8 9 10 12 15 16 18 20 24 25 27 30 32 36 40 45
 
===> 003/1/bob-lied.pl <===
ok 1 - max = 2
not ok 2 - max = 3
not ok 3 - max = 5
not ok 4 - max = 10
not ok 5 - max = 20
1..5
 
===> 003/1/daniel-mantovani.pl <===
1	1
2	2
3	3
4	4
5	5
6	6
7	8
8	9
9	10
10	12
11	15
12	16
13	18
14	20
15	24
16	25
17	27
18	30
19	32
20	36
 
===> 003/1/duncan-c-white.pl <===
calculating first 50 regular numbers by v1 (generate and test):
they are: 1,2,3,4,5,6,8,9,10,12,15,16,18,20,24,25,27,30,32,36,40,45,48,50,54,60,64,72,75,80,81,90,96,100,108,120,125,128,135,144,150,160,162,180,192,200,216,225,240,243
calculating first 50 regular numbers via v2 (todo+sort):
v1 and v2: same
calculating first 50 regular numbers via v3 (todo+find-smallest):
v1 and v3: same
calculating first 50 regular numbers via v4 (clever):
v1 and v4: same
 
===> 003/1/jaldhar-h-vyas.pl <===
1 2 3 4 5 6 8 9 10 12 15 16 18 20 24 25 27 30 32 36 40 45 48 50
 
===> 003/1/james-smith.pl <===
1
2
3
4
5
6
8
9
10
12
15
16
18
20
24
25
27
30
32
36
40
45
 
===> 003/1/joelle-maslak.pl <===
Hamming numbers [0..19]: 1, 2, 3, 4, 5, 6, 8, 9, 10, 12, 15, 16, 18, 20, 24, 25, 27, 30, 32, 36
 
===> 003/1/khalid.pl <===
1
2
3
4
5
6
8
9
10
12
15
16
18
20
 
===> 003/1/kian-meng-ang.pl <===
1|2|3|4|5|6|8|9|10|12|15|16|18|20|24|25|27|30|32|36
 
===> 003/1/laurent-rosenfeld.pl <===
1 2 3 4 5 6 8 9 10 12 15 16 18 20 24 25 27 30 32 36 40 45 48 50 
 
===> 003/1/nick-logan.pl <===
1
2
3
4
5
6
8
9
10
12
15
16
18
20
24
25
27
30
32
36
 
===> 003/1/paulo-custodio.pl <===
1
2
3
4
5
6
8
9
10
12
15
16
18
20
24
25
27
30
32
36
 
===> 003/1/ryan-thompson.pl <===
1, 2, 3, 4, 5, 6, 8, 9, 10, 12, 15, 16, 18, 20, 24, 25, 27, 30, 32, 36, 40, 45, 48, 50
 
===> 003/1/sergiotarxz.pl <===
1
2
3
4
5
6
8
9
10
12
15
16
18
20
24
25
27
30
32
36
40
45
48
 
===> 003/1/steve-rogerson.pl <===
1 2 3 4 5 6 8 9 10 12 15 16 18 20 24 25 27 30 32 36 40 ...
1691-th: 2125764000
