 
===> 003/1/arne-sommer.raku <===
1 2 3 4 5 6 8 9 10 12 15 16 18 20 24 25 27 30 32 36 40
 
===> 003/1/doug-schrag.raku <===
1
2
3
5
4
6
10
9
15
25
8
12
20
18
30
50
27
45
75
125
16
24
40
36
60
100
54
90
150
250
81
135
225
375
625
 
===> 003/1/fjwhittle.raku <===
1
2
3
4
5
6
8
9
10
12
15
16
18
20
24
25
27
30
32
36
 
===> 003/1/jaldhar-h-vyas.raku <===
1 2 3 4 5 6 8 9 10 12 15 16 18 20 24 25 27 30 32 36 40 45
 
===> 003/1/james-smith.raku <===
1
2
3
4
5
6
8
9
10
12
15
16
18
20
24
25
27
30
32
36
 
===> 003/1/joelle-maslak.raku <===
Hamming numbers [0..19]: 1, 2, 3, 4, 5, 6, 8, 9, 10, 12, 15, 16, 18, 20, 24, 25, 27, 30, 32, 36
 
===> 003/1/laurent-rosenfeld.raku <===
[1 2 3 4 5 6 8 9 10 12 15 16 18 20 24 25 27 30 32 36 40 45 48 50]
 
===> 003/1/mark-senn.raku <===
30
60
90
150
180
300
450
900
 
===> 003/1/nick-logan.raku <===
1
2
3
4
5
6
8
9
10
12
15
16
18
20
24
25
27
30
32
36
 
===> 003/1/ohmycloud.raku <===
1
2
3
4
5
6
8
9
10
12
15
16
18
20
24
25
27
30
32
36
 
===> 003/1/rob4t.raku <===
(1 2 3 4 5 6 8 9 10 12 15 16 18 20 24 25 27 30 32 36)
 
===> 003/1/ruben-westerberg.raku <===
5-Smooth Numbers for 60^2: 
2 3 4 5 6 8 9 10 12 15 16 18 20 24 25 30 36 40 45 48
 
===> 003/1/ryan-thompson.raku <===
1, 2, 3, 4, 5, 6, 8, 9, 10, 12, 15, 16, 18, 20, 24, 25, 27, 30, 32, 36, 40, 45, 48, 50
 
===> 003/1/simon-proctor.raku <===
(1 2 3 4 5 6 8 9 10 12 15 16 18 20 24 25 27 30 32 36)
 
===> 003/1/stuart-little.raku <===
(2 3 4 5 6 8 9 10 12 15 16 18 20 24 25 27 30 32 36 40 45 48 50)
