 
===> 058/2/cheok-yin-fung.pl <===
35, 23, 5, 64, 37, 9, 13, 25, 16, 44, 50, 40, 2, 27, 36, 6, 18, 54, 20, 39, 56, 45, 12, 47, 17, 33, 55, 30, 26, 51, 42, 53, 49, 41, 32, 15, 22, 60, 14, 46, 24, 59, 10, 28, 62, 38, 58, 63, 8, 48, 4, 7, 31, 19, 61, 43, 57, 11, 1, 34, 21, 52, 29, 3
 
===> 058/2/colin-crain.pl <===
35, 23, 5, 64, 37, 9, 13, 25, 16, 44, 50, 40, 2, 27, 36, 6, 18, 54, 20, 39, 56, 45, 12, 47, 17, 33, 55, 30, 26, 51, 42, 53, 49, 41, 32, 15, 22, 60, 14, 46, 24, 59, 10, 28, 62, 38, 58, 63, 8, 48, 4, 7, 31, 19, 61, 43, 57, 11, 1, 34, 21, 52, 29, 3
 
===> 058/2/e-choroba.pl <===
1..21
ok 1
ok 2
ok 3
ok 4
ok 5
ok 6
ok 7 - threw Regexp ((?^u:3 1))
ok 8 - threw Regexp ((?^u:3 1))
ok 9 - threw Regexp ((?^u:3 1))
ok 10 - threw Regexp ((?^u:3 1))
ok 11 - threw Regexp ((?^u:3 1))
ok 12 - threw Regexp ((?^u:3 1))
ok 13 - threw Regexp ((?^u:3 1))
ok 14 - threw Regexp ((?^u:2 2))
ok 15 - threw Regexp ((?^u:2 2))
ok 16
ok 17
ok 18
ok 19 - threw Regexp ((?^u:1 1))
ok 20 - threw Regexp ((?^u:2 1))
ok 21 - threw Regexp ((?^u:2 2))
 
===> 058/2/jaldhar-h-vyas.pl <===
35 23 5 64 37 9 13 25 16 44 50 40 2 27 36 6 18 54 20 39 56 45 12 47 17 33 55 30 26 51 42 53 49 41 32 15 22 60 14 46 24 59 10 28 62 38 58 63 8 48 4 7 31 19 61 43 57 11 1 34 21 52 29 3
 
===> 058/2/jaredor.pl <===
5 1 2 6 3 4
 
===> 058/2/javier-luque.pl <===
[35, 23, 5, 64, 37, 9, 13, 25, 16, 44, 50, 40, 2, 27, 36, 6, 18, 54, 20, 39, 56, 45, 12, 47, 17, 33, 55, 30, 26, 51, 42, 53, 49, 41, 32, 15, 22, 60, 14, 46, 24, 59, 10, 28, 62, 38, 58, 63, 8, 48, 4, 7, 31, 19, 61, 43, 57, 11, 1, 34, 21, 52, 29, 3]
 
===> 058/2/jo-37.pl <===
# Seeded srand with seed '1' from import arg.
ok 1 - first example
ok 2 - second example
1..2
 
===> 058/2/laurent-rosenfeld.pl <===
35 23 5 64 37 9 13 25 16 44 50 40 2 27 36 6 18 54 20 39 56 45 12 47 17 33 55 30 26 51 42 53 49 41 32 15 22 60 14 46 24 59 10 28 62 38 58 63 8 48 4 7 31 19 61 43 57 11 1 34 21 52 29 3
 
===> 058/2/mark-anderson.pl <===
204 926 704 543 760 691 795 303 136 650 
749 721 388 70  461 429 585 276 819 523 
160 92  134 40  46  440 989 394 374 566 
842 851 516 898 448 283 54  975 813 123 
342 142 797 613 163 982 392 529 300 240 
953 491 519 225 945 53  872 197 209 941 
298 884 955 48  930 788 967 494 664 130 
120 294 467 950 94  513 416 398 707 355 
890 68  559 869 640 266 183 158 711 179 
301 616 49  861 633 826 159 684 475 460 
151 498 998 680 147 540 496 720 807 412 
595 393 153 860 521 341 369 97  852 539 
700 712 318 140 546 446 895 669 246 268 
241 569 897 269 112 833 786 960 905 293 
772 682 331 894 117 676 62  940 156 256 
690 933 641 843 29  380 199 202 577 714 
634 274 185 203 570 133 571 173 964 497 
128 538 423 172 162 947 722 295 827 19  
436 345 552 723 822 477 109 695 790 150 
474 330 488 929 422 771 43  638 801 888 
85  665 618 33  72  603 226 277 56  237 
986 605 744 79  601 122 766 910 866 651 
841 486 908 692 949 98  384 366 84  194 
264 334 368 15  80  390 433 262 865 210 
899 994 732 408 806 702 9   913 649 972 
653 21  902 903 862 385 686 233 816 182 
471 406 784 344 435 364 50  104 858 572 
31  457 689 547 639 376 170 377 560 459 
45  810 137 103 285 464 324 124 818 59  
677 89  234 121 802 545 900 280 579 319 
132 327 93  877 954 466 354 779 458 916 
425 863 799 167 783 856 855 37  361 746 
484 582 758 437 317 288 32  767 447 554 
837 701 463 706 928 672 590 918 768 725 
542 169 352 753 189 593 245 596 254 281 
567 30  562 780 157 360 936 520 184 371 
668 859 272 883 759 193 804 396 817 983 
252 73  260 893 934 754 533 3   426 710 
365 937 693 814 315 896 28  154 333 36  
970 997 251 57  127 944 948 13  715 271 
637 961 504 643 164 472 996 836 847 602 
306 909 770 832 681 673 326 105 18  925 
51  106 99  148 977 755 155 907 200 485 
107 999 418 844 1   316 400 956 528 501 
77  957 583 389 309 166 798 703 81  320 
993 227 762 705 838 220 343 395 192 323 
800 679 867 708 699 743 25  20  946 217 
26  976 654 604 881 688 687 735 530 487 
482 991 110 839 215 391 135 175 258 278 
367 387 116 963 662 118 503 981 444 598 
438 424 505 628 912 773 661 141 1000328 
451 265 63  228 500 531 629 171 581 959 
731 493 794 599 206 741 180 667 619 808 
777 966 647 44  229 405 532 24  275 421 
232 273 920 917 353 11  606 95  990 311 
249 781 636 718 551 875 402 592 787 230 
556 985 846 145 796 971 968 483 575 987 
174 75  239 23  250 549 372 216 563 789 
313 78  322 889 290 825 22  102 403 611 
829 729 178 499 386 716 428 454 553 657 
218 979 871 973 988 86  587 34  635 91  
757 751 674 775 880 510 61  404 821 873 
96  65  417 66  632 238 38  882 55  644 
541 739 555 879 778 738 823 769 524 235 
452 752 717 473 730 511 978 678 10  537 
685 188 951 621 495 212 321 359 287 350 
835 713 550 370 88  921 82  168 415 462 
443 492 573 146 763 608 407 198 236 698 
785 809 119 196 409 469 347 756 5   358 
126 381 149 943 165 803 90  340 887 939 
927 558 848 307 337 35  645 176 489 60  
812 995 201 114 522 312 69  952 526 820 
840 411 465 17  6   648 111 414 901 261 
815 514 764 696 41  397 655 652 728 600 
747 906 683 719 139 383 401 765 962 259 
219 617 129 734 14  612 8   214 958 291 
518 470 47  450 782 339 656 74  670 904 
431 39  399 16  517 224 694 857 279 507 
623 338 726 434 439 630 828 737 441 992 
589 886 248 27  853 115 591 479 923 624 
267 205 289 931 195 733 373 453 924 420 
432 282 642 329 697 805 969 52  811 480 
922 296 615 304 627 870 597 378 666 292 
663 325 242 506 442 515 143 101 544 849 
456 791 297 965 67  270 527 574 243 614 
253 379 356 190 594 346 742 430 87  413 
427 208 4   659 607 850 468 502 362 231 
375 774 626 793 223 125 919 308 620 255 
748 58  557 761 942 100 186 161 71  586 
727 580 892 314 878 509 584 914 490 177 
351 891 915 845 284 750 299 830 445 221 
336 824 588 864 536 310 736 211 876 247 
525 76  548 181 974 980 512 476 349 565 
625 709 658 263 83  191 478 535 609 508 
244 885 257 449 534 357 660 831 144 646 
935 305 776 740 671 631 419 302 481 410 
622 286 724 113 854 108 12  932 222 675 
874 382 578 868 332 911 561 7   207 610 
138 792 213 576 152 938 64  131 568 348 
363 745 984 187 2   564 335 834 455 42  
 
===> 058/2/mohammad-anwar.pl <===
@H = (2, 6, 4, 5, 1, 3)
@T = (1, 0, 2, 0, 1, 2)
@O = (5, 1, 2, 6, 3, 4)
 
===> 058/2/roger-bell-west.pl <===
5, 1, 2, 6, 3, 4
 
===> 058/2/saiftynet.pl <===
One possible answer may be 
(35, 23, 5, 64, 37, 9, 13, 25, 16, 44, 50, 40, 2, 27, 36, 6, 18, 54, 20, 39, 56, 45, 12, 47, 17, 33, 55, 30, 26, 51, 42, 53, 49, 41, 32, 15, 22, 60, 14, 46, 24, 59, 10, 28, 62, 38, 58, 63, 8, 48, 4, 7, 31, 19, 61, 43, 57, 11, 1, 34, 21, 52, 29, 3)
 
===> 058/2/ulrich-rieke.pl <===
[ 5 1 2 6 3 4 ]
 
===> 058/2/wanderdoc.pl <===
ok 1 - Set 1 ordered correctly.
ok 2 - Set 2 ordered correctly.
1..2
 
===> 058/2/yet-ebreo.pl <===
5 1 2 6 3 4
35 23 5 64 37 9 13 25 16 44 50 40 2 27 36 6 18 54 20 39 56 45 12 47 17 33 55 30 26 51 42 53 49 41 32 15 22 60 14 46 24 59 10 28 62 38 58 63 8 48 4 7 31 19 61 43 57 11 1 34 21 52 29 3
204 926 704 543 760 691 795 303 136 650 749 721 388 70 461 429 585 276 819 523 160 92 134 40 46 440 989 394 374 566 842 851 516 898 448 283 54 975 813 123 342 142 797 613 163 982 392 529 300 240 953 491 519 225 945 53 872 197 209 941 298 884 955 48 930 788 967 494 664 130 120 294 467 950 94 513 416 398 707 355 890 68 559 869 640 266 183 158 711 179 301 616 49 861 633 826 159 684 475 460 151 498 998 680 147 540 496 720 807 412 595 393 153 860 521 341 369 97 852 539 700 712 318 140 546 446 895 669 246 268 241 569 897 269 112 833 786 960 905 293 772 682 331 894 117 676 62 940 156 256 690 933 641 843 29 380 199 202 577 714 634 274 185 203 570 133 571 173 964 497 128 538 423 172 162 947 722 295 827 19 436 345 552 723 822 477 109 695 790 150 474 330 488 929 422 771 43 638 801 888 85 665 618 33 72 603 226 277 56 237 986 605 744 79 601 122 766 910 866 651 841 486 908 692 949 98 384 366 84 194 264 334 368 15 80 390 433 262 865 210 899 994 732 408 806 702 9 913 649 972 653 21 902 903 862 385 686 233 816 182 471 406 784 344 435 364 50 104 858 572 31 457 689 547 639 376 170 377 560 459 45 810 137 103 285 464 324 124 818 59 677 89 234 121 802 545 900 280 579 319 132 327 93 877 954 466 354 779 458 916 425 863 799 167 783 856 855 37 361 746 484 582 758 437 317 288 32 767 447 554 837 701 463 706 928 672 590 918 768 725 542 169 352 753 189 593 245 596 254 281 567 30 562 780 157 360 936 520 184 371 668 859 272 883 759 193 804 396 817 983 252 73 260 893 934 754 533 3 426 710 365 937 693 814 315 896 28 154 333 36 970 997 251 57 127 944 948 13 715 271 637 961 504 643 164 472 996 836 847 602 306 909 770 832 681 673 326 105 18 925 51 106 99 148 977 755 155 907 200 485 107 999 418 844 1 316 400 956 528 501 77 957 583 389 309 166 798 703 81 320 993 227 762 705 838 220 343 395 192 323 800 679 867 708 699 743 25 20 946 217 26 976 654 604 881 688 687 735 530 487 482 991 110 839 215 391 135 175 258 278 367 387 116 963 662 118 503 981 444 598 438 424 505 628 912 773 661 141 1000 328 451 265 63 228 500 531 629 171 581 959 731 493 794 599 206 741 180 667 619 808 777 966 647 44 229 405 532 24 275 421 232 273 920 917 353 11 606 95 990 311 249 781 636 718 551 875 402 592 787 230 556 985 846 145 796 971 968 483 575 987 174 75 239 23 250 549 372 216 563 789 313 78 322 889 290 825 22 102 403 611 829 729 178 499 386 716 428 454 553 657 218 979 871 973 988 86 587 34 635 91 757 751 674 775 880 510 61 404 821 873 96 65 417 66 632 238 38 882 55 644 541 739 555 879 778 738 823 769 524 235 452 752 717 473 730 511 978 678 10 537 685 188 951 621 495 212 321 359 287 350 835 713 550 370 88 921 82 168 415 462 443 492 573 146 763 608 407 198 236 698 785 809 119 196 409 469 347 756 5 358 126 381 149 943 165 803 90 340 887 939 927 558 848 307 337 35 645 176 489 60 812 995 201 114 522 312 69 952 526 820 840 411 465 17 6 648 111 414 901 261 815 514 764 696 41 397 655 652 728 600 747 906 683 719 139 383 401 765 962 259 219 617 129 734 14 612 8 214 958 291 518 470 47 450 782 339 656 74 670 904 431 39 399 16 517 224 694 857 279 507 623 338 726 434 439 630 828 737 441 992 589 886 248 27 853 115 591 479 923 624 267 205 289 931 195 733 373 453 924 420 432 282 642 329 697 805 969 52 811 480 922 296 615 304 627 870 597 378 666 292 663 325 242 506 442 515 143 101 544 849 456 791 297 965 67 270 527 574 243 614 253 379 356 190 594 346 742 430 87 413 427 208 4 659 607 850 468 502 362 231 375 774 626 793 223 125 919 308 620 255 748 58 557 761 942 100 186 161 71 586 727 580 892 314 878 509 584 914 490 177 351 891 915 845 284 750 299 830 445 221 336 824 588 864 536 310 736 211 876 247 525 76 548 181 974 980 512 476 349 565 625 709 658 263 83 191 478 535 609 508 244 885 257 449 534 357 660 831 144 646 935 305 776 740 671 631 419 302 481 410 622 286 724 113 854 108 12 932 222 675 874 382 578 868 332 911 561 7 207 610 138 792 213 576 152 938 64 131 568 348 363 745 984 187 2 564 335 834 455 42
