 
===> 176/2/adam-russell.pl <===
10, 12, 14, 16, 18, 21, 23, 25, 27, 30, 32, 34, 36, 41, 43, 45, 50, 52, 54, 61, 63, 70, 72, 81, 90
 
===> 176/2/athanasius.pl <===
The reversible numbers below 100:
10, 12, 14, 16, 18, 21, 23, 25, 27, 30, 32, 34, 36, 41, 43, 45, 50, 52, 54, 61, 63, 70, 72, 81, 90
 
===> 176/2/bhat_gurunandan.pl <===
Reversible Numbers are 10 12 14 16 18 21 23 25 27 30 32 34 36 41 43 45 50 52 54 61 63 70 72 81 90
 
===> 176/2/bruce-gray.pl <===
10,12,14,16,18,21,23,25,27,30,32,34,36,41,43,45,50,52,54,61,63,70,72,81,90
 
===> 176/2/cheok-yin-fung.pl <===
10, 12, 14, 16, 18, 21, 23, 25, 27, 30, 32, 34, 36, 41, 43, 45, 50, 52, 54, 61, 63, 70, 72, 81, 90
 
===> 176/2/colin-crain.pl <===
10 12 14 16 18 21 23 25 27 30 32 34 36 41 43 45 50 52 54 61 63 70 72 81 90
209 219 229 239 249 308 318 328 338 348 407 409 417 419 427 429 437 439 447 449 506 508 516 518 526 528 536 538 546 548 605 607 609 615 617 619 625 627 629 635 637 639 645 647 649 704 706 708 714 716 718 724 726 728 734 736 738 744 746 748 803 805 807 809 813 815 817 819 823 825 827 829 833 835 837 839 843 845 847 849 902 904 906 908 912 914 916 918 922 924 926 928 932 934 936 938 942 944 946 948
1010 1012 1014 1016 1018 1030 1032 1034 1036 1038 1050 1052 1054 1056 1058 1070 1072 1074 1076 1078 1090 1092 1094 1096 1098 1100 1102 1104 1106 1108 1120 1122 1124 1126 1128 1140 1142 1144 1146 1148 1160 1162 1164 1166 1168 1180 1182 1184 1186 1188 1210 1212 1214 1216 1218 1230 1232 1234 1236 1238 1250 1252 1254 1256 1258 1270 1272 1274 1276 1278 1300 1302 1304 1306 1308 1320 1322 1324 1326 1328 1340 1342 1344 1346 1348 1360 1362 1364 1366 1368 1410 1412 1414 1416 1418 1430 1432 1434 1436 1438 1450 1452 1454 1456 1458 1500 1502 1504 1506 1508 1520 1522 1524 1526 1528 1540 1542 1544 1546 1548 1610 1612 1614 1616 1618 1630 1632 1634 1636 1638 1700 1702 1704 1706 1708 1720 1722 1724 1726 1728 1810 1812 1814 1816 1818 1900 1902 1904 1906 1908 2011 2013 2015 2017 2031 2033 2035 2037 2051 2053 2055 2057 2071 2073 2075 2077 2091 2093 2095 2097 2101 2103 2105 2107 2121 2123 2125 2127 2141 2143 2145 2147 2161 2163 2165 2167 2181 2183 2185 2187 2211 2213 2215 2217 2231 2233 2235 2237 2251 2253 2255 2257 2271 2273 2275 2277 2301 2303 2305 2307 2321 2323 2325 2327 2341 2343 2345 2347 2361 2363 2365 2367 2411 2413 2415 2417 2431 2433 2435 2437 2451 2453 2455 2457 2501 2503 2505 2507 2521 2523 2525 2527 2541 2543 2545 2547 2611 2613 2615 2617 2631 2633 2635 2637 2701 2703 2705 2707 2721 2723 2725 2727 2811 2813 2815 2817 2901 2903 2905 2907 3010 3012 3014 3016 3030 3032 3034 3036 3050 3052 3054 3056 3070 3072 3074 3076 3090 3092 3094 3096 3100 3102 3104 3106 3120 3122 3124 3126 3140 3142 3144 3146 3160 3162 3164 3166 3180 3182 3184 3186 3210 3212 3214 3216 3230 3232 3234 3236 3250 3252 3254 3256 3270 3272 3274 3276 3300 3302 3304 3306 3320 3322 3324 3326 3340 3342 3344 3346 3360 3362 3364 3366 3410 3412 3414 3416 3430 3432 3434 3436 3450 3452 3454 3456 3500 3502 3504 3506 3520 3522 3524 3526 3540 3542 3544 3546 3610 3612 3614 3616 3630 3632 3634 3636 3700 3702 3704 3706 3720 3722 3724 3726 3810 3812 3814 3816 3900 3902 3904 3906 4011 4013 4015 4031 4033 4035 4051 4053 4055 4071 4073 4075 4091 4093 4095 4101 4103 4105 4121 4123 4125 4141 4143 4145 4161 4163 4165 4181 4183 4185 4211 4213 4215 4231 4233 4235 4251 4253 4255 4271 4273 4275 4301 4303 4305 4321 4323 4325 4341 4343 4345 4361 4363 4365 4411 4413 4415 4431 4433 4435 4451 4453 4455 4501 4503 4505 4521 4523 4525 4541 4543 4545 4611 4613 4615 4631 4633 4635 4701 4703 4705 4721 4723 4725 4811 4813 4815 4901 4903 4905 5010 5012 5014 5030 5032 5034 5050 5052 5054 5070 5072 5074 5090 5092 5094 5100 5102 5104 5120 5122 5124 5140 5142 5144 5160 5162 5164 5180 5182 5184 5210 5212 5214 5230 5232 5234 5250 5252 5254 5270 5272 5274 5300 5302 5304 5320 5322 5324 5340 5342 5344 5360 5362 5364 5410 5412 5414 5430 5432 5434 5450 5452 5454 5500 5502 5504 5520 5522 5524 5540 5542 5544 5610 5612 5614 5630 5632 5634 5700 5702 5704 5720 5722 5724 5810 5812 5814 5900 5902 5904 6011 6013 6031 6033 6051 6053 6071 6073 6091 6093 6101 6103 6121 6123 6141 6143 6161 6163 6181 6183 6211 6213 6231 6233 6251 6253 6271 6273 6301 6303 6321 6323 6341 6343 6361 6363 6411 6413 6431 6433 6451 6453 6501 6503 6521 6523 6541 6543 6611 6613 6631 6633 6701 6703 6721 6723 6811 6813 6901 6903 7010 7012 7030 7032 7050 7052 7070 7072 7090 7092 7100 7102 7120 7122 7140 7142 7160 7162 7180 7182 7210 7212 7230 7232 7250 7252 7270 7272 7300 7302 7320 7322 7340 7342 7360 7362 7410 7412 7430 7432 7450 7452 7500 7502 7520 7522 7540 7542 7610 7612 7630 7632 7700 7702 7720 7722 7810 7812 7900 7902 8011 8031 8051 8071 8091 8101 8121 8141 8161 8181 8211 8231 8251 8271 8301 8321 8341 8361 8411 8431 8451 8501 8521 8541 8611 8631 8701 8721 8811 8901 9010 9030 9050 9070 9090 9100 9120 9140 9160 9180 9210 9230 9250 9270 9300 9320 9340 9360 9410 9430 9450 9500 9520 9540 9610 9630 9700 9720 9810 9900
 
===> 176/2/dave-cross.pl <===
10, 12, 14, 16, 18, 21, 23, 25, 27, 30, 32, 34, 36, 41, 43, 45, 50, 52, 54, 61, 63, 70, 72, 81, 90
 
===> 176/2/deadmarshal.pl <===
10 12 14 16 18 21 23 25 27 30 32 34 36 41 43 45 50 52 54 61 63 70 72 81 90  
===> 176/2/duncan-c-white.pl <===
10, 12, 14, 16, 18, 21, 23, 25, 27, 30, 32, 34, 36, 41, 43, 45, 50, 52, 54, 61, 63, 70, 72, 81, 90
 
===> 176/2/e-choroba.pl <===
# Seeded srand with seed '1' from import arg.
1..1
ok 1 - Below 100
 
===> 176/2/jaldhar-h-vyas.pl <===
10, 12, 14, 16, 18, 21, 23, 25, 27, 30, 32, 34, 36, 41, 43, 45, 50, 52, 54, 61, 63, 70, 72, 81, 90
 
===> 176/2/james-smith.pl <===
     regex:  pass : 10 12 14 16 18 21 23 25 27 30 32 34 36 41 43 45 50 52 54 61 63 70 72 81 90
     maths:  pass : 10 12 14 16 18 21 23 25 27 30 32 34 36 41 43 45 50 52 54 61 63 70 72 81 90
 
===> 176/2/kjetillll.pl <===
10
12
14
16
18
21
23
25
27
30
32
34
36
41
43
45
50
52
54
61
63
70
72
81
90
 
===> 176/2/laurent-rosenfeld.pl <===
10 12 14 16 18 21 23 25 27 30 32 34 36 41 43 45 50 52 54 61 63 70 72 81 90  
===> 176/2/lubos-kolouch.pl <===
ok 1 - Test 100
1..1
 
===> 176/2/mohammad-anwar.pl <===
# Seeded srand with seed '1' from import arg.
ok 1
1..1
 
===> 176/2/peter-campbell-smith.pl <===
10, 12, 14, 16, 18, 21, 23, 25, 27, 
30, 32, 34, 36, 41, 43, 45, 50, 52, 
54, 61, 63, 70, 72, 81, 90

 
===> 176/2/polettix.pl <===
10, 12, 14, 16, 18, 21, 23, 25, 27, 30, 32, 34, 36, 41, 43, 45, 50, 52, 54, 61, 63, 70, 72, 81, 90
 
===> 176/2/robert-dicicco.pl <===
10 12 14 16 18 21 23 25 27 30 32 34 36 41 43 45 50 52 54 61 63 70 72 81 90 
 
===> 176/2/roger-bell-west.pl <===
1..1
ok 1 - example 1
 
===> 176/2/steve-g-lynn.pl <===
10 12 14 16 18 21 23 25 27 30 32 34 36 41 43 45 50 52 54 61 63 70 72 81 90 
 
===> 176/2/ulrich-rieke.pl <===
10,12,14,16,18,21,23,25,27,30,32,34,36,41,43,45,50,52,54,61,63,70,72,81,90
 
===> 176/2/walt-mankowski.pl <===
10 12 14 16 18 21 23 25 27 30 32 34 36 41 43 45 50 52 54 61 63 70 72 81 90
 
===> 176/2/wlmb.pl <===
10, 12, 14, 16, 18, 21, 23, 25, 27, 30, 32, 34, 36, 41, 43, 45, 50, 52, 54, 61, 63, 70, 72, 81, 90
