 
===> 176/2/0rir.raku <===
Output
10, 12, 14, 16, 18, 21, 23, 25, 27, 30, 32, 34, 36, 41, 43, 45, 50, 52, 54, 61, 63, 70, 72, 81, 90
 
===> 176/2/2colours.raku <===
10, 12, 14, 16, 18, 21, 23, 25, 27, 30, 32, 34, 36, 41, 43, 45, 50, 52, 54, 61, 63, 70, 72, 81, 90
 
===> 176/2/arne-sommer.raku <===
10, 12, 14, 16, 18, 21, 23, 25, 27, 30, 32, 34, 36, 41, 43, 45, 50, 52, 54, 61, 63, 70, 72, 81, 90
 
===> 176/2/athanasius.raku <===
The reversible numbers below 100:
10, 12, 14, 16, 18, 21, 23, 25, 27, 30, 32, 34, 36, 41, 43, 45, 50, 52, 54, 61, 63, 70, 72, 81, 90
 
===> 176/2/bruce-gray.raku <===
(10 12 14 16 18 21 23 25 27 30 32 34 36 41 43 45 50 52 54 61 63 70 72 81 90)
 
===> 176/2/cheok-yin-fung.raku <===
10, 12, 14, 16, 18, 21, 23, 25, 27, 30, 32, 34, 36, 41, 43, 45, 50, 52, 54, 61, 63, 70, 72, 81, 90
 
===> 176/2/jaldhar-h-vyas.raku <===
10, 12, 14, 16, 18, 21, 23, 25, 27, 30, 32, 34, 36, 41, 43, 45, 50, 52, 54, 61, 63, 70, 72, 81, 90
 
===> 176/2/laurent-rosenfeld.raku <===
10 12 14 16 18 21 23 25 27 30 32 34 36 41 43 45 50 52 54 61 63 70 72 81 90  
===> 176/2/luca-ferrari.raku <===
10
12
14
16
18
21
23
25
27
30
32
34
36
41
43
45
50
52
54
61
63
70
72
81
90
 
===> 176/2/mark-anderson.raku <===
(10 12 14 16 18 21 23 25 27 30 32 34 36 41 43 45 50 52 54 61 63 70 72 81 90)
 
===> 176/2/mohammad-anwar.raku <===
ok 1 - 
1..1
 
===> 176/2/polettix.raku <===
10, 12, 14, 16, 18, 21, 23, 25, 27, 30, 32, 34, 36, 41, 43, 45, 50, 52, 54, 61, 63, 70, 72, 81, 90
 
===> 176/2/robert-dicicco.raku <===
10 12 14 16 18 21 23 25 27 30 32 34 36 41 43 45 50 52 54 61 63 70 72 81 90 
 
===> 176/2/roger-bell-west.raku <===
1..1
ok 1 - example 1
 
===> 176/2/simon-proctor.raku <===
(10 12 14 16 18 21 23 25 27 30 32 34 36 41 43 45 50 52 54 61 63 70 72 81 90)
 
===> 176/2/steve-g-lynn.raku <===
10 
12 
14 
16 
18 
21 
23 
25 
27 
30 
32 
34 
36 
41 
43 
45 
50 
52 
54 
61 
63 
70 
72 
81 
90 
 
===> 176/2/ulrich-rieke.raku <===
10,12,14,16,18,21,23,25,27,30,32,34,36,41,43,45,50,52,54,61,63,70,72,81,90
 
===> 176/2/wambash.raku <===
ok 1 - 
ok 2 - 
ok 3 - 
ok 4 - 
ok 5 - 
ok 6 - 
1..6
