 
===> 141/1/abigail.pl <===
24
30
40
42
54
56
66
70
78
88
 
===> 141/1/adam-russell.pl <===
24, 30, 40, 42, 54, 56, 66, 70, 78, 88
 
===> 141/1/alexander-pankoff.pl <===
24 30 40 42 54 56 66 70 78 88
 
===> 141/1/athanasius.pl <===
The lowest 10 positive integers having exactly 8 divisors:
    24 ( 1,  2,  3,  4,  6,  8, 12, 24 )
    30 ( 1,  2,  3,  5,  6, 10, 15, 30 )
    40 ( 1,  2,  4,  5,  8, 10, 20, 40 )
    42 ( 1,  2,  3,  6,  7, 14, 21, 42 )
    54 ( 1,  2,  3,  6,  9, 18, 27, 54 )
    56 ( 1,  2,  4,  7,  8, 14, 28, 56 )
    66 ( 1,  2,  3,  6, 11, 22, 33, 66 )
    70 ( 1,  2,  5,  7, 10, 14, 35, 70 )
    78 ( 1,  2,  3,  6, 13, 26, 39, 78 )
    88 ( 1,  2,  4,  8, 11, 22, 44, 88 )
 
===> 141/1/colin-crain.pl <===
number     divisors
----------------------------------------
24         1   2   3   4   6   8  12  24
30         1   2   3   5   6  10  15  30
40         1   2   4   5   8  10  20  40
42         1   2   3   6   7  14  21  42
54         1   2   3   6   9  18  27  54
56         1   2   4   7   8  14  28  56
66         1   2   3   6  11  22  33  66
70         1   2   5   7  10  14  35  70
78         1   2   3   6  13  26  39  78
 
===> 141/1/dave-jacoby.pl <===
24 : 8 : 1 2 3 4 6 8 12 24
30 : 8 : 1 2 3 5 6 10 15 30
40 : 8 : 1 2 4 5 8 10 20 40
42 : 8 : 1 2 3 6 7 14 21 42
54 : 8 : 1 2 3 6 9 18 27 54
56 : 8 : 1 2 4 7 8 14 28 56
66 : 8 : 1 2 3 6 11 22 33 66
70 : 8 : 1 2 5 7 10 14 35 70
78 : 8 : 1 2 3 6 13 26 39 78
88 : 8 : 1 2 4 8 11 22 44 88
 
===> 141/1/duncan-c-white.pl <===
24 has 8 divisors
30 has 8 divisors
40 has 8 divisors
42 has 8 divisors
54 has 8 divisors
56 has 8 divisors
66 has 8 divisors
70 has 8 divisors
78 has 8 divisors
88 has 8 divisors
 
===> 141/1/e-choroba.pl <===
24, 30, 40, 42, 54, 56, 66, 70, 78, 88
# Seeded srand with seed '1234' from import arg.
1..1
ok 1 - same
 
===> 141/1/jake.pl <===
24 30 40 42 54 56 66 70 78 88
 
===> 141/1/jaldhar-h-vyas.pl <===
24, 30, 40, 42, 54, 56, 66, 70, 78, 88
 
===> 141/1/james-smith.pl <===
24
30
40
42
54
56
66
70
78
88
 
===> 141/1/jo-37.pl <===
# Seeded srand with seed '1234' from import arg.
ok 1 - example 1
ok 2 - see http://oeis.org/A030626
ok 3 - see http://oeis.org/A030515
1..3
 
===> 141/1/kaushik-tunuguntla.pl <===
Lowest 10 positive integers having exactly 8 divisors
24
30
40
42
54
56
66
70
78
88 
===> 141/1/laurent-rosenfeld.pl <===
24
30
40
42
54
56
66
70
78
88
 
===> 141/1/lubos-kolouch.pl <===
24 30 40 42 54 56 66 70 78 88
 
===> 141/1/mohammad-anwar.pl <===
ok 1 - Example 1
1..1
 
===> 141/1/paul-fajman.pl <===
The first 8 integers to have exactly 8 divisors:
24 30 40 42 54 56 66 70
 
===> 141/1/paulo-custodio.pl <===
24
30
40
42
54
56
66
70
78
88
 
===> 141/1/perlboy1967.pl <===
[0;38;2;102;217;239m[[0m
    [0;38;2;161;187;197m[0] [0m[0;38;2;247;140;106m24[0m[0;38;2;102;217;239m,[0m
    [0;38;2;161;187;197m[1] [0m[0;38;2;247;140;106m30[0m[0;38;2;102;217;239m,[0m
    [0;38;2;161;187;197m[2] [0m[0;38;2;247;140;106m40[0m[0;38;2;102;217;239m,[0m
    [0;38;2;161;187;197m[3] [0m[0;38;2;247;140;106m42[0m[0;38;2;102;217;239m,[0m
    [0;38;2;161;187;197m[4] [0m[0;38;2;247;140;106m54[0m[0;38;2;102;217;239m,[0m
    [0;38;2;161;187;197m[5] [0m[0;38;2;247;140;106m56[0m[0;38;2;102;217;239m,[0m
    [0;38;2;161;187;197m[6] [0m[0;38;2;247;140;106m66[0m[0;38;2;102;217;239m,[0m
    [0;38;2;161;187;197m[7] [0m[0;38;2;247;140;106m70[0m[0;38;2;102;217;239m,[0m
    [0;38;2;161;187;197m[8] [0m[0;38;2;247;140;106m78[0m[0;38;2;102;217;239m,[0m
    [0;38;2;161;187;197m[9] [0m[0;38;2;247;140;106m88[0m
[0;38;2;102;217;239m][0m
 
===> 141/1/pete-houston.pl <===
24
30
40
42
54
56
66
70
78
88
 
===> 141/1/peter-campbell-smith.pl <===

Smallest 10 numbers (up to 10000) having 8 divisors:
24 has divisors 1, 2, 3, 4, 6, 8, 12, 24
30 has divisors 1, 2, 3, 5, 6, 10, 15, 30
40 has divisors 1, 2, 4, 5, 8, 10, 20, 40
42 has divisors 1, 2, 3, 6, 7, 14, 21, 42
54 has divisors 1, 2, 3, 6, 9, 18, 27, 54
56 has divisors 1, 2, 4, 7, 8, 14, 28, 56
66 has divisors 1, 2, 3, 6, 11, 22, 33, 66
70 has divisors 1, 2, 5, 7, 10, 14, 35, 70
78 has divisors 1, 2, 3, 6, 13, 26, 39, 78
88 has divisors 1, 2, 4, 8, 11, 22, 44, 88
 
===> 141/1/polettix.pl <===
24
30
40
42
54
56
66
70
78
88
 
===> 141/1/robert-dicicco.pl <===
24 =  1 2 3 4 6 8 12 24 
30 =  1 2 3 5 6 10 15 30 
40 =  1 2 4 5 8 10 20 40 
42 =  1 2 3 6 7 14 21 42 
54 =  1 2 3 6 9 18 27 54 
56 =  1 2 4 7 8 14 28 56 
66 =  1 2 3 6 11 22 33 66 
70 =  1 2 5 7 10 14 35 70 
78 =  1 2 3 6 13 26 39 78 
88 =  1 2 4 8 11 22 44 88 
 
===> 141/1/roger-bell-west.pl <===
1..1
ok 1 - example 1
 
===> 141/1/sgreen.pl <===
24, 30, 40, 42, 54, 56, 66, 70, 78, 88
 
===> 141/1/ulrich-rieke.pl <===
24, 30, 40, 42, 54, 56, 66, 70, 78, 88
 
===> 141/1/wlmb.pl <===
try=100, divisors=8, results=10, out=[24 30 40 42 54 56 66 70 78 88]
