 
===> 148/2/abigail.pl <===
2 1 5
17 18 5
5 2 13
11 4 29
8 3 21
 
===> 148/2/adam-russell.pl <===
2, 1, 5
5, 1, 52
5, 2, 13
8, 3, 21
11, 4, 29
 
===> 148/2/arne-sommer.pl <===
 
===> 148/2/athanasius.pl <===

Challenge 148, Task #2: Cardano Triplets (Perl)

The first 5 Cardano Triplets:
    ( 2, 1,  5)
    ( 5, 1, 52)
    ( 5, 2, 13)
    ( 8, 3, 21)
    (11, 4, 29)
 
===> 148/2/bruce-gray.pl <===
  2   1   5
  5   1  52
  8   1 189
 11   1 464
 14   1 925
 
===> 148/2/dave-jacoby.pl <===
    A: 17	B: 18	C: 5
    A: 17	B: 9	C: 20
    A: 8	B: 3	C: 21
    A: 11	B: 4	C: 29
    A: 14	B: 5	C: 37
 
===> 148/2/duncan-c-white.pl <===
Found 2,1,5
Found 5,1,52
Found 5,2,13
Found 8,1,189
Found 8,3,21
 
===> 148/2/e-choroba.pl <===
2 1 5
5 2 13
8 3 21
11 4 29
14 5 37
----------
2 1 5
5 2 13
5 1 52
8 3 21
8 1 189
 
===> 148/2/jaldhar-h-vyas.pl <===
2, 1, 5
5, 1, 52
5, 2, 13
8, 3, 21
11, 4, 29
 
===> 148/2/james-smith.pl <===
2	1	5
5	1	52
5	2	13
8	1	189
8	3	21
 
===> 148/2/laurent-rosenfeld.pl <===
2 1 5
5 1 52
5 2 13
8 3 21
11 4 29
 
===> 148/2/mattneleigh.pl <===

The first 5 Cardano Triplets are:
  (2, 1, 5)
  (5, 1, 52)
  (5, 2, 13)
  (8, 1, 189)
  (8, 3, 21)

 
===> 148/2/peter-campbell-smith.pl <===

First 5 Cardano triplets
2, 1, 5 :: 1.61803398874989 + -0.618033988749895 = 1
5, 2, 13 :: 2.30277563773199 + -1.30277563773199 = 1
8, 3, 21 :: 2.79128784747792 + -1.79128784747792 = 1
17, 18, 5 :: 3.85410196624968 + -2.85410196624968 = 1
17, 9, 20 :: 3.85410196624968 + -2.85410196624968 = 1
 
===> 148/2/polettix.pl <===
(2, 1, 5) -> 1
(5, 2, 13) -> 1
(8, 3, 21) -> 1
(11, 4, 29) -> 1
(14, 5, 37) -> 1
 
===> 148/2/robert-dicicco.pl <===
Count: 1	( 2,1,5 )
Count: 2	( 5,1,52 )
Count: 3	( 5,2,13 )
Count: 4	( 8,3,21 )
Count: 5	( 11,4,29 )
Count: 6	( 14,5,37 )
Count: 7	( 17,6,45 )
Count: 8	( 17,9,20 )
Count: 9	( 17,18,5 )
Count: 10	( 20,7,53 )
 
===> 148/2/roger-bell-west.pl <===
1..1
ok 1 - example 1
 
===> 148/2/steven-wilson.pl <===
(2, 1, 5)
(14, 5, 37)
(17, 6, 45)
(17, 9, 20)
(17, 18, 5)
 
===> 148/2/walt-mankowski.pl <===
(2, 1, 5) 8
(5, 2, 13) 20
(8, 3, 21) 32
(17, 9, 20) 46
(17, 18, 5) 40
 
===> 148/2/wlmb.pl <===
The first 5 Cardano triplets are

[
 [ 2  1  5]
 [17 18  5]
 [47 80  5]
 [ 5  2 13]
 [44 45 13]
]

