 
===> 148/2/2colours.raku <===
2 1 5
5 2 13
17 18 5
17 9 20
8 3 21
 
===> 148/2/arne-sommer.raku <===
(2, 1, 5)
(5, 2, 13)
(8, 3, 21)
(17, 9, 20)
(17, 18, 5)
 
===> 148/2/athanasius.raku <===
The first 5 Cardano Triplets:
    ( 2, 1,  5)
    ( 5, 1, 52)
    ( 5, 2, 13)
    ( 8, 3, 21)
    (11, 4, 29)
 
===> 148/2/bruce-gray.raku <===
((  1   1   1) (  2   2   1) (  3   3   1) (  2   1   4) (  4   4   1))
((  1   1   1) (  2   1   4) (  2   2   1) (  3   1   9) (  3   3   1))
((  2   1   5) (  5   1  52) (  5   2  13) (  8   1 189) (  8   3  21))
((  2   1   5) (  5   1  52) (  8   1 189) ( 11   1 464) ( 14   1 925))
 
===> 148/2/jaldhar-h-vyas.raku <===
2, 1, 5
5, 1, 52
5, 2, 13
8, 3, 21
11, 4, 29
 
===> 148/2/laurent-rosenfeld.raku <===
2 1 5
5 1 52
5 2 13
8 3 21
11 4 29
 
===> 148/2/luca-ferrari.raku <===
2 1 5
5 2 13
17 18 5
17 9 20
8 3 21
11 4 29
 
===> 148/2/mark-senn.raku <===
(2,1,5)
(5,1,52)
(5,2,13)
(8,1,189)
(11,1,464)
 
===> 148/2/polettix.raku <===
(2, 1, 5) -> 0.9999999999999999
(5, 2, 13) -> 1.0000000000000002
(8, 3, 21) -> 1
(11, 4, 29) -> 1
(14, 5, 37) -> 1
 
===> 148/2/roger-bell-west.raku <===
1..1
ok 1 - example 1
 
===> 148/2/ulrich-rieke.raku <===
((2 1 5) (8 3 21) (17 18 5) (11 4 29) (17 9 20))
