 
===> 147/1/abigail.pl <===
2 3 5 7 13 17 23 37 43 47 53 67 73 83 97 113 137 167 173 197 
 
===> 147/1/adam-russell.pl <===
2, 3, 5, 7, 13, 17, 23, 37, 43, 47, 53, 67, 73, 83, 97, 113, 137, 167, 173, 197
 
===> 147/1/alexander-pankoff.pl <===
2, 3, 5, 7, 13, 17, 23, 37, 43, 47, 53, 67, 73, 83, 97, 113, 137, 167, 173, 197, 223
 
===> 147/1/arne-sommer.pl <===
2, 3, 5, 7, 13, 17, 23, 37, 43, 47, 53, 67, 73, 83, 97, 113, 137, 167, 173, 197
 
===> 147/1/athanasius.pl <===
The first 20 left-truncatable prime numbers in base 10:
2, 3, 5, 7, 13, 17, 23, 37, 43, 47, 53, 67, 73, 83, 97, 113, 137, 167, 173, 197
 
===> 147/1/bruce-gray.pl <===
2 3 5 7 13 17 23 37 43 47 53 67 73 83 97 103 107 113 137 167
2 3 5 7 13 17 23 37 43 47 53 67 73 83 97 113 137 167 173 197
 
===> 147/1/cheok-yin-fung.pl <===
2 3 5 7 13 17 23 37 43 47 53 67 73 83 97 113 137 167 173 197 
 
===> 147/1/colin-crain.pl <===
13 17 23 37 43 47 53 67 73 83 97 113 137 167 173 197 223 283 313 317 337 
 
===> 147/1/dave-jacoby.pl <===
2, 3, 5, 7, 13, 17, 23, 37, 43, 47, 53, 67, 73, 83, 97, 113, 137, 167, 173, 197, 223, 283, 313, 317, 337, 347, 353, 367, 373, 383, 397
 
===> 147/1/duncan-c-white.pl <===
2, 3, 5, 7, 13, 17, 23, 37, 43, 47, 53, 67, 73, 83, 97, 113, 137, 167, 173, 197
 
===> 147/1/e-choroba.pl <===
include single digit: 
2, 3, 5, 7, 13, 17, 23, 37, 43, 47, 53, 67, 73, 83, 97, 113, 137, 167, 173, 197
don't include single digit: 
13, 17, 23, 37, 43, 47, 53, 67, 73, 83, 97, 113, 137, 167, 173, 197, 223, 283, 313, 317
 
===> 147/1/jaldhar-h-vyas.pl <===
2, 3, 5, 7, 13, 17, 23, 37, 43, 47, 53, 67, 73, 83, 97, 113, 137, 167, 173, 197
 
===> 147/1/james-smith.pl <===
     1	                           2	       0.000012
     2	                           3	       0.000086
     3	                           5	       0.000101
     4	                           7	       0.000114
     5	                          13	       0.000154
     6	                          17	       0.000172
     7	                          23	       0.000189
     8	                          37	       0.000215
     9	                          43	       0.000233
    10	                          47	       0.000249
    11	                          53	       0.000268
    12	                          67	       0.000286
    13	                          73	       0.000303
    14	                          83	       0.000321
    15	                          97	       0.000340
    16	                         113	       0.000363
    17	                         137	       0.000384
    18	                         167	       0.000402
    19	                         173	       0.000420
    20	                         197	       0.000437
 
===> 147/1/laurent-rosenfeld.pl <===
2 3 5 7 13 17 23 37 43 47 53 67 73 83 97 113 137 167 173 197
 
===> 147/1/mattneleigh.pl <===

The first 20 left-truncatable primes are: 2, 3, 5, 7, 13, 17, 23, 37, 43, 47, 53, 67, 73, 83, 97, 113, 137, 167, 173, 197

 
===> 147/1/mohammad-anwar.pl <===
ok 1 - Example
1..1
 
===> 147/1/perlboy1967.pl <===
2,3,5,7,13,17,23,37,43,47,53,67,73,83,97,113,137,167,173,197
 
===> 147/1/pete-houston.pl <===
2 3 5 7 13 17 23 37 43 47 53 67 73 83 97 113 137 167 173 197
 
===> 147/1/peter-campbell-smith.pl <===
11 > 1
13 > 3
17 > 7
23 > 3
31 > 1
37 > 7
41 > 1
43 > 3
47 > 7
53 > 3
61 > 1
67 > 7
71 > 1
73 > 3
83 > 3
97 > 7
113 > 13 > 3
131 > 31 > 1
137 > 37 > 7
167 > 67 > 7
 
===> 147/1/polettix.pl <===
 13 17 23 37 43 47 53 67 73 83 97 113 137 167 173 197 223 283 313 317
 
===> 147/1/roger-bell-west.pl <===
1..1
ok 1 - example 1
 
===> 147/1/sgreen.pl <===
2, 3, 5, 7, 13, 17, 23, 37, 43, 47, 53, 67, 73, 83, 97, 113, 137, 167, 173, 197
 
===> 147/1/steven-wilson.pl <===
2 3 5 7 13 17 23 37 43 47 53 67 73 83 97 113 137 167 173 197
 
===> 147/1/ulrich-rieke.pl <===
2,3,5,7,13,17,23,37,43,47,53,67,73,83,97,113,137,167,173,197
 
===> 147/1/wlmb.pl <===
The first 20 truncatable primes are: 2, 3, 5, 7, 13, 17, 23, 37, 43, 47, 53, 67, 73, 83, 97, 113, 137, 167, 173, 197
