 
===> 147/1/2colours.raku <===
(2 3 5 7 13 17 23 37 43 47 53 67 73 83 97 113 137 167 173 197)
 
===> 147/1/arne-sommer.raku <===
2, 3, 5, 7, 13, 17, 23, 37, 43, 47, 53, 67, 73, 83, 97, 113, 137, 167, 173, 197
 
===> 147/1/athanasius.raku <===
The first 20 left-truncatable prime numbers in base 10:
2, 3, 5, 7, 13, 17, 23, 37, 43, 47, 53, 67, 73, 83, 97, 113, 137, 167, 173, 197
 
===> 147/1/bruce-gray.raku <===
2 3 5 7 13 17 23 37 43 47 53 67 73 83 97 103 107 113 137 167
2 3 5 7 13 17 23 37 43 47 53 67 73 83 97 113 137 167 173 197
 
===> 147/1/jaldhar-h-vyas.raku <===
2, 3, 5, 7, 13, 17, 23, 37, 43, 47, 53, 67, 73, 83, 97, 113, 137, 167, 173, 197
 
===> 147/1/laurent-rosenfeld.raku <===
[2 3 5 7 13 17 23 37 43 47 53 67 73 83 97 113 137 167 173 197]
 
===> 147/1/luca-ferrari.raku <===
13 17 23 37 43 47 53 67 73 83 97 113 137 167 173 197 223 283 313 317
 
===> 147/1/mark-anderson.raku <===
(2 3 5 7 13 17 23 37 43 47 53 67 73 83 97 113 137 167 173 197)
 
===> 147/1/mark-senn.raku <===
2 3 5 7 13 17 23 37 43 47 53 67 73 83 97 113 137 167 173 197 
 
===> 147/1/mohammad-anwar.raku <===
ok 1 - Example
1..1
 
===> 147/1/polettix.raku <===
13
17
23
37
43
47
53
67
73
83
97
113
137
167
173
197
223
283
313
317
 
===> 147/1/roger-bell-west.raku <===
1..1
ok 1 - example 1
 
===> 147/1/simon-proctor.raku <===
2 3 5 7 13 17 23 37 43 47 53 67 73 83 97 113 137 167 173 197 
 
===> 147/1/ulrich-rieke.raku <===
[2 3 5 7 13 17 23 37 43 47 53 67 73 83 97 113 137 167 173 197]
 
===> 147/1/wambash.raku <===
2 3 5 7 13 17 23 37 43 47 53 67 73 83 97 113 137 167 173 197
