 
===> 033/2/adam-russell.pl <===
    x|   1   2   3   4   5   6   7   8   9   10   11
  ---+----------------------------------------------
    1|   1   2   3   4   5   6   7   8   9   10   11
    2|       4   6   8  10  12  14  16  18   20   22
    3|           9  12  15  18  21  24  27   30   33
    4|              16  20  24  28  32  36   40   44
    5|                  25  30  35  40  45   50   55
    6|                      36  42  48  54   60   66
    7|                          49  56  63   70   77
    8|                              64  72   80   88
    9|                                  81   90   99
   10|                                      100  110
   11|                                           121
 
===> 033/2/andrezgz.pl <===
  x|   1   2   3   4   5   6   7   8   9  10  11   
---+--------------------------------------------
  1|   1   2   3   4   5   6   7   8   9  10  11
  2|       4   6   8  10  12  14  16  18  20  22
  3|           9  12  15  18  21  24  27  30  33
  4|              16  20  24  28  32  36  40  44
  5|                  25  30  35  40  45  50  55
  6|                      36  42  48  54  60  66
  7|                          49  56  63  70  77
  8|                              64  72  80  88
  9|                                  81  90  99
 10|                                     100 110
 11|                                         121
 
===> 033/2/athanasius.pl <===

  x|   1   2   3   4   5   6   7   8   9  10  11
---+--------------------------------------------
  1|   1   2   3   4   5   6   7   8   9  10  11
  2|       4   6   8  10  12  14  16  18  20  22
  3|           9  12  15  18  21  24  27  30  33
  4|              16  20  24  28  32  36  40  44
  5|                  25  30  35  40  45  50  55
  6|                      36  42  48  54  60  66
  7|                          49  56  63  70  77
  8|                              64  72  80  88
  9|                                  81  90  99
 10|                                     100 110
 11|                                         121
 
===> 033/2/colin-crain.pl <===
  x|   1   2   3   4   5   6   7   8   9  10  11
---+--------------------------------------------
  1|   1   2   3   4   5   6   7   8   9  10  11
  2|       4   6   8  10  12  14  16  18  20  22
  3|           9  12  15  18  21  24  27  30  33
  4|              16  20  24  28  32  36  40  44
  5|                  25  30  35  40  45  50  55
  6|                      36  42  48  54  60  66
  7|                          49  56  63  70  77
  8|                              64  72  80  88
  9|                                  81  90  99
 10|                                     100 110
 11|                                         121


  x|   1   2   3   4   5   6   7   8   9  10  11
---+--------------------------------------------
  1|   1   2   3   4   5   6   7   8   9  10  11
  2|       4   6   8  10  12  14  16  18  20  22
  3|           9  12  15  18  21  24  27  30  33
  4|              16  20  24  28  32  36  40  44
  5|                  25  30  35  40  45  50  55
  6|                      36  42  48  54  60  66
  7|                          49  56  63  70  77
  8|                              64  72  80  88
  9|                                  81  90  99
 10|                                     100 110
 11|                                         121

 
===> 033/2/dave-cross.pl <===
  x|   1   2   3   4   5   6   7   8   9  10  11
---+--------------------------------------------
  1|   1   2   3   4   5   6   7   8   9  10  11
  2|       4   6   8  10  12  14  16  18  20  22
  3|           9  12  15  18  21  24  27  30  33
  4|              16  20  24  28  32  36  40  44
  5|                  25  30  35  40  45  50  55
  6|                      36  42  48  54  60  66
  7|                          49  56  63  70  77
  8|                              64  72  80  88
  9|                                  81  90  99
 10|                                     100 110
 11|                                         121
 
===> 033/2/dave-jacoby.pl <===
   x|   1   2   3   4   5   6   7   8   9  10  11
----+--------------------------------------------
   1|   1   2   3   4   5   6   7   8   9  10  11
   2|       4   6   8  10  12  14  16  18  20  22
   3|           9  12  15  18  21  24  27  30  33
   4|              16  20  24  28  32  36  40  44
   5|                  25  30  35  40  45  50  55
   6|                      36  42  48  54  60  66
   7|                          49  56  63  70  77
   8|                              64  72  80  88
   9|                                  81  90  99
  10|                                     100 110
  11|                                         121
 
===> 033/2/duncan-c-white.pl <===
   x|   1   2   3   4   5   6   7   8   9  10  11
-------------------------------------------------
   1|   1   2   3   4   5   6   7   8   9  10  11
   2|       4   6   8  10  12  14  16  18  20  22
   3|           9  12  15  18  21  24  27  30  33
   4|              16  20  24  28  32  36  40  44
   5|                  25  30  35  40  45  50  55
   6|                      36  42  48  54  60  66
   7|                          49  56  63  70  77
   8|                              64  72  80  88
   9|                                  81  90  99
  10|                                     100 110
  11|                                         121
 
===> 033/2/e-choroba.pl <===
  × │   1   2   3   4   5   6   7   8   9  10  11
─────┼────────────────────────────────────────────
   1 │   1   2   3   4   5   6   7   8   9  10  11
   2 │       4   6   8  10  12  14  16  18  20  22
   3 │           9  12  15  18  21  24  27  30  33
   4 │              16  20  24  28  32  36  40  44
   5 │                  25  30  35  40  45  50  55
   6 │                      36  42  48  54  60  66
   7 │                          49  56  63  70  77
   8 │                              64  72  80  88
   9 │                                  81  90  99
  10 │                                     100 110
  11 │                                         121
 
===> 033/2/fabrizio-poggi.pl <===
 x |   1   2   3   4   5   6   7   8   9  10  11
------------------------------------------------
 1 |   1   2   3   4   5   6   7   8   9  10  11
 2 |       4   6   8  10  12  14  16  18  20  22
 3 |           9  12  15  18  21  24  27  30  33
 4 |              16  20  24  28  32  36  40  44
 5 |                  25  30  35  40  45  50  55
 6 |                      36  42  48  54  60  66
 7 |                          49  56  63  70  77
 8 |                              64  72  80  88
 9 |                                  81  90  99
10 |                                     100 110
11 |                                         121
 
===> 033/2/jaldhar-h-vyas.pl <===
  x|   1   2   3   4   5   6   7   8   9  10  11
---+--------------------------------------------
  1|   1   2   3   4   5   6   7   8   9  10  11
  2|       4   6   8  10  12  14  16  18  20  22
  3|           9  12  15  18  21  24  27  30  33
  4|              16  20  24  28  32  36  40  44
  5|                  25  30  35  40  45  50  55
  6|                      36  42  48  54  60  66
  7|                          49  56  63  70  77
  8|                              64  72  80  88
  9|                                  81  90  99
 10|                                     100 110
 11|                                         121
 
===> 033/2/james-smith.pl <===
  x |   1   2   3   4   5   6   7   8   9  10  11
----+--------------------------------------------
  1 |   1   2   3   4   5   6   7   8   9  10  11
  2 |       4   6   8  10  12  14  16  18  20  22
  3 |           9  12  15  18  21  24  27  30  33
  4 |              16  20  24  28  32  36  40  44
  5 |                  25  30  35  40  45  50  55
  6 |                      36  42  48  54  60  66
  7 |                          49  56  63  70  77
  8 |                              64  72  80  88
  9 |                                  81  90  99
 10 |                                     100 110
 11 |                                         121
 
===> 033/2/javier-luque.pl <===
   x|   1   2   3   4   5   6   7   8   9  10  11
----+--------------------------------------------
   1|   1   2   3   4   5   6   7   8   9  10  11
   2|       4   6   8  10  12  14  16  18  20  22
   3|           9  12  15  18  21  24  27  30  33
   4|              16  20  24  28  32  36  40  44
   5|                  25  30  35  40  45  50  55
   6|                      36  42  48  54  60  66
   7|                          49  56  63  70  77
   8|                              64  72  80  88
   9|                                  81  90  99
  10|                                     100 110
  11|                                         121
 
===> 033/2/joelle-maslak.pl <===
  x|   1   2   3   4   5   6   7   8   9  10  11
---+--------------------------------------------
  1|   1   2   3   4   5   6   7   8   9  10  11
  2|       4   6   8  10  12  14  16  18  20  22
  3|           9  12  15  18  21  24  27  30  33
  4|              16  20  24  28  32  36  40  44
  5|                  25  30  35  40  45  50  55
  6|                      36  42  48  54  60  66
  7|                          49  56  63  70  77
  8|                              64  72  80  88
  9|                                  81  90  99
 10|                                     100 110
 11|                                         121
 
===> 033/2/lars-thegler.pl <===
  x|   1   2   3   4   5   6   7   8   9  10  11
---|--------------------------------------------
  1|   1   2   3   4   5   6   7   8   9  10  11
  2|       4   6   8  10  12  14  16  18  20  22
  3|           9  12  15  18  21  24  27  30  33
  4|              16  20  24  28  32  36  40  44
  5|                  25  30  35  40  45  50  55
  6|                      36  42  48  54  60  66
  7|                          49  56  63  70  77
  8|                              64  72  80  88
  9|                                  81  90  99
 10|                                     100 110
 11|                                         121
 
===> 033/2/laurent-rosenfeld.pl <===
 x |   1   2   3   4   5   6   7   8   9  10  11
---|--------------------------------------------
 1 |   1   2   3   4   5   6   7   8   9  10  11
 2 |       4   6   8  10  12  14  16  18  20  22
 3 |           9  12  15  18  21  24  27  30  33
 4 |              16  20  24  28  32  36  40  44
 5 |                  25  30  35  40  45  50  55
 6 |                      36  42  48  54  60  66
 7 |                          49  56  63  70  77
 8 |                              64  72  80  88
 9 |                                  81  90  99
10 |                                     100 110
11 |                                         121
 
===> 033/2/paulo-custodio.pl <===
  x|   1   2   3   4   5   6   7   8   9  10  11
---+--------------------------------------------
  1|   1   2   3   4   5   6   7   8   9  10  11
  2|       4   6   8  10  12  14  16  18  20  22
  3|           9  12  15  18  21  24  27  30  33
  4|              16  20  24  28  32  36  40  44
  5|                  25  30  35  40  45  50  55
  6|                      36  42  48  54  60  66
  7|                          49  56  63  70  77
  8|                              64  72  80  88
  9|                                  81  90  99
 10|                                     100 110
 11|                                         121
 
===> 033/2/prajith-p.pl <===
 x|   1   2   3   4   5   6   7   8   9  10  11
-+------------------------------------------------
 1|   1   2   3   4   5   6   7   8   9  10  11
 2|       4   6   8  10  12  14  16  18  20  22
 3|           9  12  15  18  21  24  27  30  33
 4|              16  20  24  28  32  36  40  44
 5|                  25  30  35  40  45  50  55
 6|                      36  42  48  54  60  66
 7|                          49  56  63  70  77
 8|                              64  72  80  88
 9|                                  81  90  99
10|                                     100 110
11|                                         121
 
===> 033/2/rage311.pl <===
      1   2   3   4   5   6   7   8   9  10  11
  1   1   2   3   4   5   6   7   8   9  10  11
  2       4   6   8  10  12  14  16  18  20  22
  3           9  12  15  18  21  24  27  30  33
  4              16  20  24  28  32  36  40  44
  5                  25  30  35  40  45  50  55
  6                      36  42  48  54  60  66
  7                          49  56  63  70  77
  8                              64  72  80  88
  9                                  81  90  99
 10                                     100 110
 11                                         121
 
===> 033/2/roger-bell-west.pl <===
  x|   1   2   3   4   5   6   7   8   9  10  11
---+--------------------------------------------
  1|   1   2   3   4   5   6   7   8   9  10  11
  2|       4   6   8  10  12  14  16  18  20  22
  3|           9  12  15  18  21  24  27  30  33
  4|              16  20  24  28  32  36  40  44
  5|                  25  30  35  40  45  50  55
  6|                      36  42  48  54  60  66
  7|                          49  56  63  70  77
  8|                              64  72  80  88
  9|                                  81  90  99
 10|                                     100 110
 11|                                         121
 
===> 033/2/ruben-westerberg.pl <===
    |   1   2   3   4   5   6   7   8   9  10  11
----------------------------------------------------
   1|   1   2   3   4   5   6   7   8   9  10  11
   2|       4   6   8  10  12  14  16  18  20  22
   3|           9  12  15  18  21  24  27  30  33
   4|              16  20  24  28  32  36  40  44
   5|                  25  30  35  40  45  50  55
   6|                      36  42  48  54  60  66
   7|                          49  56  63  70  77
   8|                              64  72  80  88
   9|                                  81  90  99
  10|                                     100 110
  11|                                         121
 
===> 033/2/ryan-thompson.pl <===
  x  |    1   2   3   4   5   6   7   8   9  10  11
--- -+- --- --- --- --- --- --- --- --- --- --- ---
  1  |    1   2   3   4   5   6   7   8   9  10  11
  2  |        4   6   8  10  12  14  16  18  20  22
  3  |            9  12  15  18  21  24  27  30  33
  4  |               16  20  24  28  32  36  40  44
  5  |                   25  30  35  40  45  50  55
  6  |                       36  42  48  54  60  66
  7  |                           49  56  63  70  77
  8  |                               64  72  80  88
  9  |                                   81  90  99
 10  |                                      100 110
 11  |                                          121
 
===> 033/2/steven-wilson.pl <===
  x|   1   2   3   4   5   6   7   8   9  10  11
---+--------------------------------------------
  1|   1   2   3   4   5   6   7   8   9  10  11
  2|       4   6   8  10  12  14  16  18  20  22
  3|           9  12  15  18  21  24  27  30  33
  4|              16  20  24  28  32  36  40  44
  5|                  25  30  35  40  45  50  55
  6|                      36  42  48  54  60  66
  7|                          49  56  63  70  77
  8|                              64  72  80  88
  9|                                  81  90  99
 10|                                     100 110
 11|                                         121
 
===> 033/2/ulrich-rieke.pl <===
  x|   1   2   3   4   5   6   7   8   9  10  11
------------------------------------------------
  1|   1   2   3   4   5   6   7   8   9  10  11
  2|       4   6   8  10  12  14  16  18  20  22
  3|           9  12  15  18  21  24  27  30  33
  4|              16  20  24  28  32  36  40  44
  5|                  25  30  35  40  45  50  55
  6|                      36  42  48  54  60  66
  7|                          49  56  63  70  77
  8|                              64  72  80  88
  9|                                  81  90  99
 10|                                     100 110
 11|                                         121
 
===> 033/2/yet-ebreo.pl <===
  x|   1   2   3   4   5   6   7   8   9  10  11
---+--------------------------------------------
  1|   1   2   3   4   5   6   7   8   9  10  11
  2|       4   6   8  10  12  14  16  18  20  22
  3|           9  12  15  18  21  24  27  30  33
  4|              16  20  24  28  32  36  40  44
  5|                  25  30  35  40  45  50  55
  6|                      36  42  48  54  60  66
  7|                          49  56  63  70  77
  8|                              64  72  80  88
  9|                                  81  90  99
 10|                                     100 110
 11|                                         121
