 
===> 033/2/adam-russell.raku <===
 
===> 033/2/arne-sommer.raku <===
  x|   1   2   3   4   5   6   7   8   9  10  11
---+--------------------------------------------
  1|   1   2   3   4   5   6   7   8   9  10  11
  2|       4   6   8  10  12  14  16  18  20  22
  3|           9  12  15  18  21  24  27  30  33
  4|              16  20  24  28  32  36  40  44
  5|                  25  30  35  40  45  50  55
  6|                      36  42  48  54  60  66
  7|                          49  56  63  70  77
  8|                              64  72  80  88
  9|                                  81  90  99
 10|                                     100 110
 11|                                         121
 
===> 033/2/athanasius.raku <===
  x|   1   2   3   4   5   6   7   8   9  10  11
---+--------------------------------------------
  1|   1   2   3   4   5   6   7   8   9  10  11
  2|       4   6   8  10  12  14  16  18  20  22
  3|           9  12  15  18  21  24  27  30  33
  4|              16  20  24  28  32  36  40  44
  5|                  25  30  35  40  45  50  55
  6|                      36  42  48  54  60  66
  7|                          49  56  63  70  77
  8|                              64  72  80  88
  9|                                  81  90  99
 10|                                     100 110
 11|                                         121
 
===> 033/2/daniel-mita.raku <===
 x|   1   2   3   4   5   6   7   8   9  10  11
--+--------------------------------------------
 1|   1   2   3   4   5   6   7   8   9  10  11
 2|       4   6   8  10  12  14  16  18  20  22
 3|           9  12  15  18  21  24  27  30  33
 4|              16  20  24  28  32  36  40  44
 5|                  25  30  35  40  45  50  55
 6|                      36  42  48  54  60  66
 7|                          49  56  63  70  77
 8|                              64  72  80  88
 9|                                  81  90  99
10|                                     100 110
11|                                         121
 
===> 033/2/jaldhar-h-vyas.raku <===
  x|   1   2   3   4   5   6   7   8   9  10  11
---+--------------------------------------------
  1|   1   2   3   4   5   6   7   8   9  10  11
  2|       4   6   8  10  12  14  16  18  20  22
  3|           9  12  15  18  21  24  27  30  33
  4|              16  20  24  28  32  36  40  44
  5|                  25  30  35  40  45  50  55
  6|                      36  42  48  54  60  66
  7|                          49  56  63  70  77
  8|                              64  72  80  88
  9|                                  81  90  99
 10|                                     100 110
 11|                                         121
 
===> 033/2/javier-luque.raku <===
   x|   1   2   3   4   5   6   7   8   9  10  11
----+--------------------------------------------
   1|   1   2   3   4   5   6   7   8   9  10  11
   2|       4   6   8  10  12  14  16  18  20  22
   3|           9  12  15  18  21  24  27  30  33
   4|              16  20  24  28  32  36  40  44
   5|                  25  30  35  40  45  50  55
   6|                      36  42  48  54  60  66
   7|                          49  56  63  70  77
   8|                              64  72  80  88
   9|                                  81  90  99
  10|                                     100 110
  11|                                         121
 
===> 033/2/joelle-maslak.raku <===
  x|   1   2   3   4   5   6   7   8   9  10  11
---+--------------------------------------------
  1|   1   2   3   4   5   6   7   8   9  10  11
  2|       4   6   8  10  12  14  16  18  20  22
  3|           9  12  15  18  21  24  27  30  33
  4|              16  20  24  28  32  36  40  44
  5|                  25  30  35  40  45  50  55
  6|                      36  42  48  54  60  66
  7|                          49  56  63  70  77
  8|                              64  72  80  88
  9|                                  81  90  99
 10|                                     100 110
 11|                                         121
 
===> 033/2/kevin-colyer.raku <===
  x|   1   2   3   4   5   6   7   8   9  10  11
---+--------------------------------------------
  1|   1   2   3   4   5   6   7   8   9  10  11
  2|       4   6   8  10  12  14  16  18  20  22
  3|           9  12  15  18  21  24  27  30  33
  4|              16  20  24  28  32  36  40  44
  5|                  25  30  35  40  45  50  55
  6|                      36  42  48  54  60  66
  7|                          49  56  63  70  77
  8|                              64  72  80  88
  9|                                  81  90  99
 10|                                     100 110
 11|                                         121
 
===> 033/2/laurent-rosenfeld.raku <===
 x |   1   2   3   4   5   6   7   8   9  10  11
---|--------------------------------------------
 1 |   1   2   3   4   5   6   7   8   9  10  11
 2 |       4   6   8  10  12  14  16  18  20  22
 3 |           9  12  15  18  21  24  27  30  33
 4 |              16  20  24  28  32  36  40  44
 5 |                  25  30  35  40  45  50  55
 6 |                      36  42  48  54  60  66
 7 |                          49  56  63  70  77
 8 |                              64  72  80  88
 9 |                                  81  90  99
10 |                                     100 110
11 |                                         121
 
===> 033/2/mark-senn.raku <===
  x|   1   2   3   4   5   6   7   8   9  10  11
---+--------------------------------------------
  1|   1   2   3   4   5   6   7   8   9  10  11
  2|       4   6   8  10  12  14  16  18  20  22
  3|           9  12  15  18  21  24  27  30  33
  4|              16  20  24  28  32  36  40  44
  5|                  25  30  35  40  45  50  55
  6|                      36  42  48  54  60  66
  7|                          49  56  63  70  77
  8|                              64  72  80  88
  9|                                  81  90  99
 10|                                     100 110
 11|                                         121
 
===> 033/2/markus-holzer.raku <===
  x|   1   2   3   4   5   6   7   8   9  10  11
---+--------------------------------------------
  1|   1   2   3   4   5   6   7   8   9  10  11
  2|       4   6   8  10  12  14  16  18  20  22
  3|           9  12  15  18  21  24  27  30  33
  4|              16  20  24  28  32  36  40  44
  5|                  25  30  35  40  45  50  55
  6|                      36  42  48  54  60  66
  7|                          49  56  63  70  77
  8|                              64  72  80  88
  9|                                  81  90  99
 10|                                     100 110
 11|                                         121
 
===> 033/2/noud.raku <===
 x| 1 2 3
--+------
 1| 1 2 3
 2|   4 6
 3|     9
  x|  1  2  3  4  5  6  7  8
---+------------------------
  1|  1  2  3  4  5  6  7  8
  2|     4  6  8 10 12 14 16
  3|        9 12 15 18 21 24
  4|          16 20 24 28 32
  5|             25 30 35 40
  6|                36 42 48
  7|                   49 56
  8|                      64
   x|   1   2   3   4   5   6   7   8   9  10  11
----+--------------------------------------------
   1|   1   2   3   4   5   6   7   8   9  10  11
   2|       4   6   8  10  12  14  16  18  20  22
   3|           9  12  15  18  21  24  27  30  33
   4|              16  20  24  28  32  36  40  44
   5|                  25  30  35  40  45  50  55
   6|                      36  42  48  54  60  66
   7|                          49  56  63  70  77
   8|                              64  72  80  88
   9|                                  81  90  99
  10|                                     100 110
  11|                                         121
 
===> 033/2/rnuttall.raku <===
  x|   1   2   3   4   5   6   7   8   9  10  11
---+--------------------------------------------
  1|   1   2   3   4   5   6   7   8   9  10  11
  2|       4   6   8  10  12  14  16  18  20  22
  3|           9  12  15  18  21  24  27  30  33
  4|              16  20  24  28  32  36  40  44
  5|                  25  30  35  40  45  50  55
  6|                      36  42  48  54  60  66
  7|                          49  56  63  70  77
  8|                              64  72  80  88
  9|                                  81  90  99
 10|                                     100 110
 11|                                         121
 
===> 033/2/roger-bell-west.raku <===
  x|   1    2    3    4    5    6    7    8    9   10   11
---+---- ---- ---- ---- ---- ---- ---- ---- ---- ---- ----
  1|   1    2    3    4    5    6    7    8    9   10   11
  2|        4    6    8   10   12   14   16   18   20   22
  3|             9   12   15   18   21   24   27   30   33
  4|                 16   20   24   28   32   36   40   44
  5|                      25   30   35   40   45   50   55
  6|                           36   42   48   54   60   66
  7|                                49   56   63   70   77
  8|                                     64   72   80   88
  9|                                          81   90   99
 10|                                              100  110
 11|                                                   121
 
===> 033/2/ruben-westerberg.raku <===
    |   1   2   3   4   5   6   7   8   9  10  11
----------------------------------------------------
   1|   1   2   3   4   5   6   7   8   9  10  11
   2|       4   6   8  10  12  14  16  18  20  22
   3|           9  12  15  18  21  24  27  30  33
   4|              16  20  24  28  32  36  40  44
   5|                  25  30  35  40  45  50  55
   6|                      36  42  48  54  60  66
   7|                          49  56  63  70  77
   8|                              64  72  80  88
   9|                                  81  90  99
  10|                                     100 110
  11|                                         121
 
===> 033/2/ryan-thompson.raku <===
     |    1   2   3   4   5   6   7   8   9  10  11
--- -+- --- --- --- --- --- --- --- --- --- --- ---
  1  |    1   2   3   4   5   6   7   8   9  10  11
  2  |        4   6   8  10  12  14  16  18  20  22
  3  |            9  12  15  18  21  24  27  30  33
  4  |               16  20  24  28  32  36  40  44
  5  |                   25  30  35  40  45  50  55
  6  |                       36  42  48  54  60  66
  7  |                           49  56  63  70  77
  8  |                               64  72  80  88
  9  |                                   81  90  99
 10  |                                      100 110
 11  |                                          121
 
===> 033/2/simon-proctor.raku <===
  x |   1   2   3   4   5   6   7   8   9  10  11
-------------------------------------------------
  1 |   1   2   3   4   5   6   7   8   9  10  11
  2 |       4   6   8  10  12  14  16  18  20  22
  3 |           9  12  15  18  21  24  27  30  33
  4 |              16  20  24  28  32  36  40  44
  5 |                  25  30  35  40  45  50  55
  6 |                      36  42  48  54  60  66
  7 |                          49  56  63  70  77
  8 |                              64  72  80  88
  9 |                                  81  90  99
 10 |                                     100 110
 11 |                                         121
 
===> 033/2/stuart-little.raku <===
(  1   2   3   4   5   6   7   8   9  10  11)
(      4   6   8  10  12  14  16  18  20  22)
(          9  12  15  18  21  24  27  30  33)
(             16  20  24  28  32  36  40  44)
(                 25  30  35  40  45  50  55)
(                     36  42  48  54  60  66)
(                         49  56  63  70  77)
(                             64  72  80  88)
(                                 81  90  99)
(                                    100 110)
(                                        121)
 
===> 033/2/ulrich-rieke.raku <===
  x|   1   2   3   4   5   6   7   8   9  10  11
------------------------------------------------
  1|   1   2   3   4   5   6   7   8   9  10  11
  2|       4   6   8  10  12  14  16  18  20  22
  3|           9  12  15  18  21  24  27  30  33
  4|              16  20  24  28  32  36  40  44
  5|                  25  30  35  40  45  50  55
  6|                      36  42  48  54  60  66
  7|                          49  56  63  70  77
  8|                              64  72  80  88
  9|                                  81  90  99
 10|                                     100 110
 11|                                         121
