 
===> 048/1/alexander-karelas.pl <===
31
 
===> 048/1/alicia-bielsa.pl <===
Last Position Alive : 37
 
===> 048/1/andrezgz.pl <===
 1 kills 2 
 3 kills 4 
 5 kills 6 
 7 kills 8 
 9 kills 10
11 kills 12
13 kills 14
15 kills 16
17 kills 18
19 kills 20
21 kills 22
23 kills 24
25 kills 26
27 kills 28
29 kills 30
31 kills 32
33 kills 34
35 kills 36
37 kills 38
39 kills 40
41 kills 42
43 kills 44
45 kills 46
47 kills 48
49 kills 50
 1 kills 3 
 5 kills 7 
 9 kills 11
13 kills 15
17 kills 19
21 kills 23
25 kills 27
29 kills 31
33 kills 35
37 kills 39
41 kills 43
45 kills 47
49 kills 1 
 5 kills 9 
13 kills 17
21 kills 25
29 kills 33
37 kills 41
45 kills 49
 5 kills 13
21 kills 29
37 kills 45
 5 kills 21
37 kills 5 

37 is the survivor 
===> 048/1/cheok-yin-fung.pl <===
37 
===> 048/1/colin-crain.pl <===
0, 1, 2, 3, 4, 5, 6, 7, 8, 9, 10, 11, 12, 13, 14, 15, 16, 17, 18, 19, 20, 21, 22, 23, 24, 25, 26, 27, 28, 29, 30, 31, 32, 33, 34, 35, 36, 37, 38, 39, 40, 41, 42, 43, 44, 45, 46, 47, 48, 49
0  2  3  4  5  6  7  8  9  10  11  12  13  14  15  16  17  18  19  20  21  22  23  24  25  26  27  28  29  30  31  32  33  34  35  36  37  38  39  40  41  42  43  44  45  46  47  48  49
0  2  4  5  6  7  8  9  10  11  12  13  14  15  16  17  18  19  20  21  22  23  24  25  26  27  28  29  30  31  32  33  34  35  36  37  38  39  40  41  42  43  44  45  46  47  48  49
0  2  4  6  7  8  9  10  11  12  13  14  15  16  17  18  19  20  21  22  23  24  25  26  27  28  29  30  31  32  33  34  35  36  37  38  39  40  41  42  43  44  45  46  47  48  49
0  2  4  6  8  9  10  11  12  13  14  15  16  17  18  19  20  21  22  23  24  25  26  27  28  29  30  31  32  33  34  35  36  37  38  39  40  41  42  43  44  45  46  47  48  49
0  2  4  6  8  10  11  12  13  14  15  16  17  18  19  20  21  22  23  24  25  26  27  28  29  30  31  32  33  34  35  36  37  38  39  40  41  42  43  44  45  46  47  48  49
0  2  4  6  8  10  12  13  14  15  16  17  18  19  20  21  22  23  24  25  26  27  28  29  30  31  32  33  34  35  36  37  38  39  40  41  42  43  44  45  46  47  48  49
0  2  4  6  8  10  12  14  15  16  17  18  19  20  21  22  23  24  25  26  27  28  29  30  31  32  33  34  35  36  37  38  39  40  41  42  43  44  45  46  47  48  49
0  2  4  6  8  10  12  14  16  17  18  19  20  21  22  23  24  25  26  27  28  29  30  31  32  33  34  35  36  37  38  39  40  41  42  43  44  45  46  47  48  49
0  2  4  6  8  10  12  14  16  18  19  20  21  22  23  24  25  26  27  28  29  30  31  32  33  34  35  36  37  38  39  40  41  42  43  44  45  46  47  48  49
0  2  4  6  8  10  12  14  16  18  20  21  22  23  24  25  26  27  28  29  30  31  32  33  34  35  36  37  38  39  40  41  42  43  44  45  46  47  48  49
0  2  4  6  8  10  12  14  16  18  20  22  23  24  25  26  27  28  29  30  31  32  33  34  35  36  37  38  39  40  41  42  43  44  45  46  47  48  49
0  2  4  6  8  10  12  14  16  18  20  22  24  25  26  27  28  29  30  31  32  33  34  35  36  37  38  39  40  41  42  43  44  45  46  47  48  49
0  2  4  6  8  10  12  14  16  18  20  22  24  26  27  28  29  30  31  32  33  34  35  36  37  38  39  40  41  42  43  44  45  46  47  48  49
0  2  4  6  8  10  12  14  16  18  20  22  24  26  28  29  30  31  32  33  34  35  36  37  38  39  40  41  42  43  44  45  46  47  48  49
0  2  4  6  8  10  12  14  16  18  20  22  24  26  28  30  31  32  33  34  35  36  37  38  39  40  41  42  43  44  45  46  47  48  49
0  2  4  6  8  10  12  14  16  18  20  22  24  26  28  30  32  33  34  35  36  37  38  39  40  41  42  43  44  45  46  47  48  49
0  2  4  6  8  10  12  14  16  18  20  22  24  26  28  30  32  34  35  36  37  38  39  40  41  42  43  44  45  46  47  48  49
0  2  4  6  8  10  12  14  16  18  20  22  24  26  28  30  32  34  36  37  38  39  40  41  42  43  44  45  46  47  48  49
0  2  4  6  8  10  12  14  16  18  20  22  24  26  28  30  32  34  36  38  39  40  41  42  43  44  45  46  47  48  49
0  2  4  6  8  10  12  14  16  18  20  22  24  26  28  30  32  34  36  38  40  41  42  43  44  45  46  47  48  49
0  2  4  6  8  10  12  14  16  18  20  22  24  26  28  30  32  34  36  38  40  42  43  44  45  46  47  48  49
0  2  4  6  8  10  12  14  16  18  20  22  24  26  28  30  32  34  36  38  40  42  44  45  46  47  48  49
0  2  4  6  8  10  12  14  16  18  20  22  24  26  28  30  32  34  36  38  40  42  44  46  47  48  49
0  2  4  6  8  10  12  14  16  18  20  22  24  26  28  30  32  34  36  38  40  42  44  46  48  49
0  2  4  6  8  10  12  14  16  18  20  22  24  26  28  30  32  34  36  38  40  42  44  46  48
0  4  6  8  10  12  14  16  18  20  22  24  26  28  30  32  34  36  38  40  42  44  46  48
0  4  8  10  12  14  16  18  20  22  24  26  28  30  32  34  36  38  40  42  44  46  48
0  4  8  12  14  16  18  20  22  24  26  28  30  32  34  36  38  40  42  44  46  48
0  4  8  12  16  18  20  22  24  26  28  30  32  34  36  38  40  42  44  46  48
0  4  8  12  16  20  22  24  26  28  30  32  34  36  38  40  42  44  46  48
0  4  8  12  16  20  24  26  28  30  32  34  36  38  40  42  44  46  48
0  4  8  12  16  20  24  28  30  32  34  36  38  40  42  44  46  48
0  4  8  12  16  20  24  28  32  34  36  38  40  42  44  46  48
0  4  8  12  16  20  24  28  32  36  38  40  42  44  46  48
0  4  8  12  16  20  24  28  32  36  40  42  44  46  48
0  4  8  12  16  20  24  28  32  36  40  44  46  48
0  4  8  12  16  20  24  28  32  36  40  44  48
4  8  12  16  20  24  28  32  36  40  44  48
4  12  16  20  24  28  32  36  40  44  48
4  12  20  24  28  32  36  40  44  48
4  12  20  28  32  36  40  44  48
4  12  20  28  36  40  44  48
4  12  20  28  36  44  48
4  12  20  28  36  44
4  20  28  36  44
4  20  36  44
4  20  36
4  36
36
survivor: 36

 2 --> 0
 3 --> 2
 4 --> 0
 5 --> 2
 6 --> 4
 7 --> 6
 8 --> 0
 9 --> 2
10 --> 4
11 --> 6
12 --> 8
13 --> 10
14 --> 12
15 --> 14
16 --> 0
17 --> 2
18 --> 4
19 --> 6
20 --> 8
21 --> 10
22 --> 12
23 --> 14
24 --> 16
25 --> 18
26 --> 20
27 --> 22
28 --> 24
29 --> 26
30 --> 28
31 --> 30
32 --> 0
33 --> 2
34 --> 4
35 --> 6
36 --> 8
37 --> 10
38 --> 12
39 --> 14
40 --> 16
41 --> 18
42 --> 20
43 --> 22
44 --> 24
45 --> 26
46 --> 28
47 --> 30
48 --> 32
49 --> 34
50 --> 36
51 --> 38
52 --> 40
53 --> 42
54 --> 44
55 --> 46
56 --> 48
57 --> 50
58 --> 52
59 --> 54
60 --> 56
61 --> 58
62 --> 60
63 --> 62
64 --> 0
65 --> 2
66 --> 4
67 --> 6
68 --> 8
69 --> 10
70 --> 12
71 --> 14
72 --> 16
73 --> 18
74 --> 20
75 --> 22
76 --> 24
77 --> 26
78 --> 28
79 --> 30
80 --> 32
81 --> 34
82 --> 36
83 --> 38
84 --> 40
85 --> 42
86 --> 44
87 --> 46
88 --> 48
89 --> 50
90 --> 52
91 --> 54
92 --> 56
93 --> 58
94 --> 60
95 --> 62
96 --> 64
97 --> 66
98 --> 68
99 --> 70
100 --> 72
 
===> 048/1/dave-cross.pl <===
Last living person is #37
 
===> 048/1/dave-jacoby.pl <===
37
 
===> 048/1/e-choroba.pl <===
37
 
===> 048/1/ianrifkin.pl <===

***** The lone survivor is 37 *****

 
===> 048/1/jaldhar-h-vyas.pl <===
37
 
===> 048/1/javier-luque.pl <===
37 is still alive
 
===> 048/1/laurent-rosenfeld.pl <===
Person 37 is the survivor.

 
===> 048/1/lubos-kolouch.pl <===
1..3
37
ok 1
ok 2
ok 3
 
===> 048/1/markus-holzer.pl <===
Survivor: 37 
===> 048/1/mohammad-anwar.pl <===
Survivor is at position 37
 
===> 048/1/roger-bell-west.pl <===
31
 
===> 048/1/ryan-thompson.pl <===
37
ok 1
ok 2
ok 3
ok 4
ok 5
ok 6
ok 7
ok 8
ok 9
ok 10
ok 11
ok 12
ok 13
ok 14
ok 15
ok 16
ok 17
ok 18
ok 19
ok 20
ok 21
ok 22
ok 23
ok 24
ok 25
ok 26
ok 27
ok 28
ok 29
ok 30
ok 31
ok 32
ok 33
ok 34
ok 35
ok 36
ok 37
ok 38
ok 39
ok 40
ok 41
ok 42
ok 43
ok 44
ok 45
ok 46
ok 47
ok 48
ok 49
ok 50
ok 51
ok 52
ok 53
ok 54
ok 55
ok 56
ok 57
ok 58
ok 59
ok 60
ok 61
ok 62
ok 63
ok 64
ok 65
ok 66
ok 67
ok 68
ok 69
ok 70
ok 71
ok 72
ok 73
ok 74
ok 75
ok 76
ok 77
ok 78
ok 79
ok 80
ok 81
ok 82
ok 83
ok 84
ok 85
ok 86
ok 87
ok 88
ok 89
ok 90
ok 91
ok 92
ok 93
ok 94
ok 95
ok 96
ok 97
ok 98
ok 99
ok 100
ok 101
ok 102
1..102
 
===> 048/1/sitaram-chamarty.pl <===
survivor: 37
 
===> 048/1/steven-wilson.pl <===
Survivor is at position 31
 
===> 048/1/ulrich-rieke.pl <===
The last survivor is 37 !
 
===> 048/1/user-person.pl <===
37 survives
 
===> 048/1/walt-mankowski.pl <===
The survivor is 17
 
===> 048/1/wanderdoc.pl <===
2 4 6 8 10 12 14 16 18 20 22 24 26 28 30 32 34 36 38 40 42 44 46 48 50 3 7 11 15 19 23 27 31 35 39 43 47 1 9 17 25 33 41 49 13 29 45 21 5 
Survived: 37
