 
===> 048/1/alicia-bielsa.raku <===
Last Position Alive : 37
 
===> 048/1/arne-sommer.raku <===
Living: 31
 
===> 048/1/colin-crain.raku <===
0  1  2  3  4  5  6  7  8  9  10  11  12  13  14  15  16  17  18  19  20  21  22  23  24  25  26  27  28  29  30  31  32  33  34  35  36  37  38  39  40  41  42  43  44  45  46  47  48  49
0  2  3  4  5  6  7  8  9  10  11  12  13  14  15  16  17  18  19  20  21  22  23  24  25  26  27  28  29  30  31  32  33  34  35  36  37  38  39  40  41  42  43  44  45  46  47  48  49
0  2  4  5  6  7  8  9  10  11  12  13  14  15  16  17  18  19  20  21  22  23  24  25  26  27  28  29  30  31  32  33  34  35  36  37  38  39  40  41  42  43  44  45  46  47  48  49
0  2  4  6  7  8  9  10  11  12  13  14  15  16  17  18  19  20  21  22  23  24  25  26  27  28  29  30  31  32  33  34  35  36  37  38  39  40  41  42  43  44  45  46  47  48  49
0  2  4  6  8  9  10  11  12  13  14  15  16  17  18  19  20  21  22  23  24  25  26  27  28  29  30  31  32  33  34  35  36  37  38  39  40  41  42  43  44  45  46  47  48  49
0  2  4  6  8  10  11  12  13  14  15  16  17  18  19  20  21  22  23  24  25  26  27  28  29  30  31  32  33  34  35  36  37  38  39  40  41  42  43  44  45  46  47  48  49
0  2  4  6  8  10  12  13  14  15  16  17  18  19  20  21  22  23  24  25  26  27  28  29  30  31  32  33  34  35  36  37  38  39  40  41  42  43  44  45  46  47  48  49
0  2  4  6  8  10  12  14  15  16  17  18  19  20  21  22  23  24  25  26  27  28  29  30  31  32  33  34  35  36  37  38  39  40  41  42  43  44  45  46  47  48  49
0  2  4  6  8  10  12  14  16  17  18  19  20  21  22  23  24  25  26  27  28  29  30  31  32  33  34  35  36  37  38  39  40  41  42  43  44  45  46  47  48  49
0  2  4  6  8  10  12  14  16  18  19  20  21  22  23  24  25  26  27  28  29  30  31  32  33  34  35  36  37  38  39  40  41  42  43  44  45  46  47  48  49
0  2  4  6  8  10  12  14  16  18  20  21  22  23  24  25  26  27  28  29  30  31  32  33  34  35  36  37  38  39  40  41  42  43  44  45  46  47  48  49
0  2  4  6  8  10  12  14  16  18  20  22  23  24  25  26  27  28  29  30  31  32  33  34  35  36  37  38  39  40  41  42  43  44  45  46  47  48  49
0  2  4  6  8  10  12  14  16  18  20  22  24  25  26  27  28  29  30  31  32  33  34  35  36  37  38  39  40  41  42  43  44  45  46  47  48  49
0  2  4  6  8  10  12  14  16  18  20  22  24  26  27  28  29  30  31  32  33  34  35  36  37  38  39  40  41  42  43  44  45  46  47  48  49
0  2  4  6  8  10  12  14  16  18  20  22  24  26  28  29  30  31  32  33  34  35  36  37  38  39  40  41  42  43  44  45  46  47  48  49
0  2  4  6  8  10  12  14  16  18  20  22  24  26  28  30  31  32  33  34  35  36  37  38  39  40  41  42  43  44  45  46  47  48  49
0  2  4  6  8  10  12  14  16  18  20  22  24  26  28  30  32  33  34  35  36  37  38  39  40  41  42  43  44  45  46  47  48  49
0  2  4  6  8  10  12  14  16  18  20  22  24  26  28  30  32  34  35  36  37  38  39  40  41  42  43  44  45  46  47  48  49
0  2  4  6  8  10  12  14  16  18  20  22  24  26  28  30  32  34  36  37  38  39  40  41  42  43  44  45  46  47  48  49
0  2  4  6  8  10  12  14  16  18  20  22  24  26  28  30  32  34  36  38  39  40  41  42  43  44  45  46  47  48  49
0  2  4  6  8  10  12  14  16  18  20  22  24  26  28  30  32  34  36  38  40  41  42  43  44  45  46  47  48  49
0  2  4  6  8  10  12  14  16  18  20  22  24  26  28  30  32  34  36  38  40  42  43  44  45  46  47  48  49
0  2  4  6  8  10  12  14  16  18  20  22  24  26  28  30  32  34  36  38  40  42  44  45  46  47  48  49
0  2  4  6  8  10  12  14  16  18  20  22  24  26  28  30  32  34  36  38  40  42  44  46  47  48  49
0  2  4  6  8  10  12  14  16  18  20  22  24  26  28  30  32  34  36  38  40  42  44  46  48  49
0  2  4  6  8  10  12  14  16  18  20  22  24  26  28  30  32  34  36  38  40  42  44  46  48
0  4  6  8  10  12  14  16  18  20  22  24  26  28  30  32  34  36  38  40  42  44  46  48
0  4  8  10  12  14  16  18  20  22  24  26  28  30  32  34  36  38  40  42  44  46  48
0  4  8  12  14  16  18  20  22  24  26  28  30  32  34  36  38  40  42  44  46  48
0  4  8  12  16  18  20  22  24  26  28  30  32  34  36  38  40  42  44  46  48
0  4  8  12  16  20  22  24  26  28  30  32  34  36  38  40  42  44  46  48
0  4  8  12  16  20  24  26  28  30  32  34  36  38  40  42  44  46  48
0  4  8  12  16  20  24  28  30  32  34  36  38  40  42  44  46  48
0  4  8  12  16  20  24  28  32  34  36  38  40  42  44  46  48
0  4  8  12  16  20  24  28  32  36  38  40  42  44  46  48
0  4  8  12  16  20  24  28  32  36  40  42  44  46  48
0  4  8  12  16  20  24  28  32  36  40  44  46  48
0  4  8  12  16  20  24  28  32  36  40  44  48
4  8  12  16  20  24  28  32  36  40  44  48
4  12  16  20  24  28  32  36  40  44  48
4  12  20  24  28  32  36  40  44  48
4  12  20  28  32  36  40  44  48
4  12  20  28  36  40  44  48
4  12  20  28  36  44  48
4  12  20  28  36  44
4  20  28  36  44
4  20  36  44
4  20  36
4  36
36
survivor: 36

meta-analysis by size of stating circle:

size | survivor
-----+----------
  2 --> 0
  3 --> 2
  4 --> 0
  5 --> 2
  6 --> 4
  7 --> 6
  8 --> 0
  9 --> 2
 10 --> 4
 11 --> 6
 12 --> 8
 13 --> 10
 14 --> 12
 15 --> 14
 16 --> 0
 17 --> 2
 18 --> 4
 19 --> 6
 20 --> 8
 21 --> 10
 22 --> 12
 23 --> 14
 24 --> 16
 25 --> 18
 26 --> 20
 27 --> 22
 28 --> 24
 29 --> 26
 30 --> 28
 31 --> 30
 32 --> 0
 33 --> 2
 34 --> 4
 35 --> 6
 36 --> 8
 37 --> 10
 38 --> 12
 39 --> 14
 40 --> 16
 41 --> 18
 42 --> 20
 43 --> 22
 44 --> 24
 45 --> 26
 46 --> 28
 47 --> 30
 48 --> 32
 49 --> 34
 50 --> 36
 51 --> 38
 52 --> 40
 53 --> 42
 54 --> 44
 55 --> 46
 56 --> 48
 57 --> 50
 58 --> 52
 59 --> 54
 60 --> 56
 61 --> 58
 62 --> 60
 63 --> 62
 64 --> 0
 65 --> 2
 66 --> 4
 67 --> 6
 68 --> 8
 69 --> 10
 70 --> 12
 71 --> 14
 72 --> 16
 73 --> 18
 74 --> 20
 75 --> 22
 76 --> 24
 77 --> 26
 78 --> 28
 79 --> 30
 80 --> 32
 81 --> 34
 82 --> 36
 83 --> 38
 84 --> 40
 85 --> 42
 86 --> 44
 87 --> 46
 88 --> 48
 89 --> 50
 90 --> 52
 91 --> 54
 92 --> 56
 93 --> 58
 94 --> 60
 95 --> 62
 96 --> 64
 97 --> 66
 98 --> 68
 99 --> 70
100 --> 72
 
===> 048/1/jaldhar-h-vyas.raku <===
37
 
===> 048/1/javier-luque.raku <===
37 is still alive
 
===> 048/1/kevin-colyer.raku <===
1 has the sword...
1 killed 2
 and gave sword to 3
3 killed 4
 and gave sword to 5
5 killed 6
 and gave sword to 7
7 killed 8
 and gave sword to 9
9 killed 10
 and gave sword to 11
11 killed 12
 and gave sword to 13
13 killed 14
 and gave sword to 15
15 killed 16
 and gave sword to 17
17 killed 18
 and gave sword to 19
19 killed 20
 and gave sword to 21
21 killed 22
 and gave sword to 23
23 killed 24
 and gave sword to 25
25 killed 26
 and gave sword to 27
27 killed 28
 and gave sword to 29
29 killed 30
 and gave sword to 31
31 killed 32
 and gave sword to 33
33 killed 34
 and gave sword to 35
35 killed 36
 and gave sword to 37
37 killed 38
 and gave sword to 39
39 killed 40
 and gave sword to 41
41 killed 42
 and gave sword to 43
43 killed 44
 and gave sword to 45
45 killed 46
 and gave sword to 47
47 killed 48
 and gave sword to 49
49 killed 50
 and gave sword to 1
1 killed 3
 and gave sword to 5
5 killed 7
 and gave sword to 9
9 killed 11
 and gave sword to 13
13 killed 15
 and gave sword to 17
17 killed 19
 and gave sword to 21
21 killed 23
 and gave sword to 25
25 killed 27
 and gave sword to 29
29 killed 31
 and gave sword to 33
33 killed 35
 and gave sword to 37
37 killed 39
 and gave sword to 41
41 killed 43
 and gave sword to 45
45 killed 47
 and gave sword to 49
49 killed 1
 and gave sword to 5
5 killed 9
 and gave sword to 13
13 killed 17
 and gave sword to 21
21 killed 25
 and gave sword to 29
29 killed 33
 and gave sword to 37
37 killed 41
 and gave sword to 45
45 killed 49
 and gave sword to 5
5 killed 13
 and gave sword to 21
21 killed 29
 and gave sword to 37
37 killed 45
 and gave sword to 5
5 killed 21
 and gave sword to 37
37 killed 5
So the survivor is 37
 
===> 048/1/laurent-rosenfeld.raku <===
Person 37 is the survivor.

 
===> 048/1/luca-ferrari.raku <===
The person who survives is 37
 
===> 048/1/mark-anderson.raku <===
37
 
===> 048/1/markus-holzer.raku <===
37
37
37
 
===> 048/1/mohammad-anwar.raku <===
Survivor is at position 37
 
===> 048/1/noud.raku <===
Survivor: 37
 
===> 048/1/roger-bell-west.raku <===
31
 
===> 048/1/ruben-westerberg.raku <===
Survivor: 37
 
===> 048/1/ryan-thompson.raku <===
37
 
===> 048/1/simon-proctor.raku <===
Survivor of 50 is number 37
Survivor of 50 is number 37
 
===> 048/1/stuart-little.raku <===
37
 
===> 048/1/xkr47.raku <===
Survivors, in order: [1 3 5 7 9 11 13 15 17 19 21 23 25 27 29 31 33 35 37 39 41 43 45 47 49 1 5 9 13 17 21 25 29 33 37 41 45 49 5 13 21 29 37 45 5 21 37 5 37]
