 
===> 137/1/abigail-a.pl <===
1903
1908
1914
1920
1925
1931
1936
1942
1948
1953
1959
1964
1970
1976
1981
1987
1992
1998
2004
2009
2015
2020
2026
2032
2037
2043
2048
2054
2060
2065
2071
2076
2082
2088
2093
2099
 
===> 137/1/abigail.pl <===
1903
1908
1914
1920
1925
1931
1936
1942
1948
1953
1959
1964
1970
1976
1981
1987
1992
1998
2004
2009
2015
2020
2026
2032
2037
2043
2048
2054
2060
2065
2071
2076
2082
2088
2093
2099
 
===> 137/1/arne-sommer.pl <===
1903, 1908, 1914, 1920, 1925, 1931, 1936, 1942, 1948, 1953, 1959, 1964, 1970, 1976, 1981, 1987, 1992, 1998, 2004, 2009, 2015, 2020, 2026, 2032, 2037, 2043, 2048, 2054, 2060, 2065, 2071, 2076, 2082, 2088, 2093, 2099
 
===> 137/1/athanasius.pl <===
There are 36 long years between 1900 and 2100 inclusive:

1903, 1908, 1914, 1920, 1925,
1931, 1936, 1942, 1948, 1953,
1959, 1964, 1970, 1976, 1981,
1987, 1992, 1998, 2004, 2009,
2015, 2020, 2026, 2032, 2037,
2043, 2048, 2054, 2060, 2065,
2071, 2076, 2082, 2088, 2093,
2099
 
===> 137/1/bob-lied.pl <===
1903, 1908, 1914, 1920, 1925,
1931, 1936, 1942, 1948, 1953,
1959, 1964, 1970, 1976, 1981,
1987, 1992, 1998, 2004, 2009,
2015, 2020, 2026, 2032, 2037,
2043, 2048, 2054, 2060, 2065,
2071, 2076, 2082, 2088, 2093,
2099
 
===> 137/1/cheok-yin-fung.pl <===
1903
1908
1914
1920
1925
1931
1936
1942
1948
1953
1959
1964
1970
1976
1981
1987
1992
1998
2004
2009
2015
2020
2026
2032
2037
2043
2048
2054
2060
2065
2071
2076
2082
2088
2093
2099
Number of Long Years: 36
 
===> 137/1/colin-crain.pl <===
1903, 1908, 1914, 1920, 1925
1931, 1936, 1942, 1948, 1953
1959, 1964, 1970, 1976, 1981
1987, 1992, 1998, 2004, 2009
2015, 2020, 2026, 2032, 2037
2043, 2048, 2054, 2060, 2065
2071, 2076, 2082, 2088, 2093
2099
 
===> 137/1/dave-jacoby.pl <===
1903, 1908, 1914, 1920, 1925, 
1931, 1936, 1942, 1948, 1953, 
1959, 1964, 1970, 1976, 1981, 
1987, 1992, 1998, 2004, 2009, 
2015, 2020, 2026, 2032, 2037, 
2043, 2048, 2054, 2060, 2065, 
2071, 2076, 2082, 2088, 2093, 
2099
 
===> 137/1/duncan-c-white.pl <===
1903, 1908, 1914, 1920, 1925,
1931, 1936, 1942, 1948, 1953,
1959, 1964, 1970, 1976, 1981,
1987, 1992, 1998, 2004, 2009,
2015, 2020, 2026, 2032, 2037,
2043, 2048, 2054, 2060, 2065,
2071, 2076, 2082, 2088, 2093,
2099
 
===> 137/1/e-choroba.pl <===
# Seeded srand with seed '1234' from import arg.
1..1
ok 1 - Example
 
===> 137/1/feng-chang.pl <===
1903, 1908, 1914, 1920, 1925,
1931, 1936, 1942, 1948, 1953,
1959, 1964, 1970, 1976, 1981,
1987, 1992, 1998, 2004, 2009,
2015, 2020, 2026, 2032, 2037,
2043, 2048, 2054, 2060, 2065,
2071, 2076, 2082, 2088, 2093,
2099
 
===> 137/1/jaldhar-h-vyas.pl <===
1903, 1908, 1914, 1920, 1925, 1931, 1936, 1942, 1948, 1953, 1959, 1964, 1970, 1976, 1981, 1987, 1992, 1998, 2004, 2009, 2015, 2020, 2026, 2032, 2037, 2043, 2048, 2054, 2060, 2065, 2071, 2076, 2082, 2088, 2093, 2099
 
===> 137/1/james-smith.pl <===
1903
1910
1917
1924
1931
1938
1945
1952
1959
1966
1973
1980
1987
1994
2001
2008
2015
2022
2029
2036
2043
2050
2057
2064
2071
2078
2085
2092
2099
 
===> 137/1/jo-37.pl <===
1903 1908 1914 1920 1925 1931 1936 1942 1948 1953 1959 1964 1970 1976 1981 1987 1992 1998 2004 2009 2015 2020 2026 2032 2037 2043 2048 2054 2060 2065 2071 2076 2082 2088 2093 2099
 
===> 137/1/laurent-rosenfeld.pl <===
1903, 1908, 1914, 1920, 1925, 1931, 1936, 1942, 1948, 1953, 1959, 1964, 1970, 1976, 1981, 1987, 1992, 1998, 2004, 2009, 2015, 2020, 2026, 2032, 2037, 2043, 2048, 2054, 2060, 2065, 2071, 2076, 2082, 2088, 2093, 2099, 
 
===> 137/1/lubos-kolouch.pl <===
ok 1
1..1
 
===> 137/1/mattneleigh.pl <===

1903, 1908, 1914, 1920, 1925
1931, 1936, 1942, 1948, 1953
1959, 1964, 1970, 1976, 1981
1987, 1992, 1998, 2004, 2009
2015, 2020, 2026, 2032, 2037
2043, 2048, 2054, 2060, 2065
2071, 2076, 2082, 2088, 2093
2099

 
===> 137/1/mohammad-anwar.pl <===
ok 1
1..1
 
===> 137/1/olivier-delouya.pl <===
1903, 1908, 1914, 1920, 1925
1931, 1936, 1942, 1948, 1953
1959, 1964, 1970, 1976, 1981
1987, 1992, 1998, 2004, 2009
2015, 2020, 2026, 2032, 2037
2043, 2048, 2054, 2060, 2065
2071, 2076, 2082, 2088, 2093
2099,  
===> 137/1/paulo-custodio.pl <===
1903, 1908, 1914, 1920, 1925,
1931, 1936, 1942, 1948, 1953,
1959, 1964, 1970, 1976, 1981,
1987, 1992, 1998, 2004, 2009,
2015, 2020, 2026, 2032, 2037,
2043, 2048, 2054, 2060, 2065,
2071, 2076, 2082, 2088, 2093,
2099
 
===> 137/1/perlboy1967.pl <===
Years: 1903, 1908, 1914, 1920, 1925, 1931, 1936, 1942, 1948, 1953, 1959, 1964, 1970, 1976, 1981, 1987, 1992, 1998, 2004, 2009, 2015, 2020, 2026, 2032, 2037, 2043, 2048, 2054, 2060, 2065, 2071, 2076, 2082, 2088, 2093, 2099
 
===> 137/1/pete-houston.pl <===
1903 1908 1914 1920 1925 1931 1936 1942 1948 1953 1959 1964 1970 1976 1981 1987 1992 1998 2004 2009 2015 2020 2026 2032 2037 2043 2048 2054 2060 2065 2071 2076 2082 2088 2093 2099  
===> 137/1/polettix.pl <===
1903, 1908, 1914, 1920, 1925, 
1931, 1936, 1942, 1948, 1953, 
1959, 1964, 1970, 1976, 1981, 
1987, 1992, 1998, 2004, 2009, 
2015, 2020, 2026, 2032, 2037, 
2043, 2048, 2054, 2060, 2065, 
2071, 2076, 2082, 2088, 2093, 
2099
 
===> 137/1/robert-dicicco.pl <===

Find all the years between 1900 and 2100 which is a Long Year.
Output:
1903 1908 1914 1920 1925 1931 1936 1942 1948 1953 1959 1964 1970 1976 1981 1987 1992 1998 2004 2009 2015 2020 2026 2032 2037 2043 2048 2054 2060 2065 2071 2076 2082 2088 2093 2099
 
===> 137/1/roger-bell-west.pl <===
1..1
ok 1 - example 1
 
===> 137/1/sgreen.pl <===
1903, 1908, 1914, 1920, 1925, 1931, 1936, 1942, 1948, 1953, 1959, 1964, 1970, 1976, 1981, 1987, 1992, 1998, 2004, 2009, 2015, 2020, 2026, 2032, 2037, 2043, 2048, 2054, 2060, 2065, 2071, 2076, 2082, 2088, 2093, 2099
 
===> 137/1/steven-wilson.pl <===
1903,1908,1914,1920,1925,1931,1936,1942,1948,1953,1959,1964,1970,1976,1981,1987,1992,1998,2004,2009,2015,2020,2026,2032,2037,2043,2048,2054,2060,2065,2071,2076,2082,2088,2093,2099
 
===> 137/1/ulrich-rieke.pl <===
1903, 1908, 1914, 1920, 1925, 
1931, 1936, 1942, 1948, 1953, 
1959, 1964, 1970, 1976, 1981, 
1987, 1992, 1998, 2004, 2009, 
2015, 2020, 2026, 2032, 2037, 
2043, 2048, 2054, 2060, 2065, 
2071, 2076, 2082, 2088, 2093, 
2099
 
===> 137/1/wanderdoc.pl <===
1903
1908
1914
1920
1925
1931
1936
1942
1948
1953
1959
1964
1970
1976
1981
1987
1992
1998
2004
2009
2015
2020
2026
2032
2037
2043
2048
2054
2060
2065
2071
2076
2082
2088
2093
2099
 
===> 137/1/wlmb.pl <===
1903 1908 1914 1920 1925 1931 1936 1942 1948 1953 1959 1964
1970 1976 1981 1987 1992 1998 2004 2009 2015 2020 2026 2032
2037 2043 2048 2054 2060 2065 2071 2076 2082 2088 2093 2099
