 
===> 137/1/arne-sommer.raku <===
1903, 1908, 1914, 1920, 1925, 1931, 1936, 1942, 1948, 1953, 1959, 1964, 1970, 1976, 1981, 1987, 1992, 1998, 2004, 2009, 2015, 2020, 2026, 2032, 2037, 2043, 2048, 2054, 2060, 2065, 2071, 2076, 2082, 2088, 2093, 2099
 
===> 137/1/ash.raku <===
1903
1908
1914
1920
1925
1931
1936
1942
1948
1953
1959
1964
1970
1976
1981
1987
1992
1998
2004
2009
2015
2020
2026
2032
2037
2043
2048
2054
2060
2065
2071
2076
2082
2088
2093
2099
 
===> 137/1/athanasius.raku <===
There are 36 long years between 1900 and 2100 inclusive:

1903, 1908, 1914, 1920, 1925,
1931, 1936, 1942, 1948, 1953,
1959, 1964, 1970, 1976, 1981,
1987, 1992, 1998, 2004, 2009,
2015, 2020, 2026, 2032, 2037,
2043, 2048, 2054, 2060, 2065,
2071, 2076, 2082, 2088, 2093,
2099
 
===> 137/1/bruce-gray.raku <===
1..1
ok 1 - 
 
===> 137/1/coke.raku <===
1903 1908 1914 1920 1925 1931 1936 1942
1948 1953 1959 1964 1970 1976 1981 1987
1992 1998 2004 2009 2015 2020 2026 2032
2037 2043 2048 2054 2060 2065 2071 2076
2082 2088 2093 2099
 
===> 137/1/colin-crain.raku <===
1903, 1908, 1914, 1920, 1925
1931, 1936, 1942, 1948, 1953
1959, 1964, 1970, 1976, 1981
1987, 1992, 1998, 2004, 2009
2015, 2020, 2026, 2032, 2037
2043, 2048, 2054, 2060, 2065
2071, 2076, 2082, 2088, 2093
2099
 
===> 137/1/feng-chang.raku <===
1903, 1908, 1914, 1920, 1925,
1931, 1936, 1942, 1948, 1953,
1959, 1964, 1970, 1976, 1981,
1987, 1992, 1998, 2004, 2009,
2015, 2020, 2026, 2032, 2037,
2043, 2048, 2054, 2060, 2065,
2071, 2076, 2082, 2088, 2093,
2099
 
===> 137/1/gfldex.raku <===
(1903 1908 1914 1920 1925 1931 1936 1942 1948 1953 1959 1964 1970 1976 1981 1987 1992 1998 2004 2009 2015 2020 2026 2032 2037 2043 2048 2054 2060 2065 2071 2076 2082 2088 2093 2099)

--

1903 1908 1914 1920 1925 1931 1936 1942
1948 1953 1959 1964 1970 1976 1981 1987
1992 1998 2004 2009 2015 2020 2026 2032
2037 2043 2048 2054 2060 2065 2071 2076
2082 2088 2093 2099

--

1903 1908 1914 1920 1925 1931 1936 1942
1948 1953 1959 1964 1970 1976 1981 1987
1992 1998 2004 2009 2015 2020 2026 2032
2037 2043 2048 2054 2060 2065 2071 2076
2082 2088 2093 2099

--

1903 1908 1914 1920 1925 1931 1936 1942
1948 1953 1959 1964 1970 1976 1981 1987
1992 1998 2004 2009 2015 2020 2026 2032
2037 2043 2048 2054 2060 2065 2071 2076
2082 2088 2093 2099
 
===> 137/1/jaldhar-h-vyas.raku <===
1903, 1908, 1914, 1920, 1925, 1931, 1936, 1942, 1948, 1953, 1959, 1964, 1970, 1976, 1981, 1987, 1992, 1998, 2004, 2009, 2015, 2020, 2026, 2032, 2037, 2043, 2048, 2054, 2060, 2065, 2071, 2076, 2082, 2088, 2093, 2099
 
===> 137/1/laurent-rosenfeld.raku <===
1903, 1908, 1914, 1920, 1925, 1931, 1936, 1942, 1948, 1953, 1959, 1964, 1970, 1976, 1981, 1987, 1992, 1998, 2004, 2009, 2015, 2020, 2026, 2032, 2037, 2043, 2048, 2054, 2060, 2065, 2071, 2076, 2082, 2088, 2093, 2099, 
 
===> 137/1/luca-ferrari.raku <===
1903
1908
1914
1920
1925
1931
1936
1942
1948
1953
1959
1964
1970
1976
1981
1987
1992
1998
2004
2009
2015
2020
2026
2032
2037
2043
2048
2054
2060
2065
2071
2076
2082
2088
2093
2099
 
===> 137/1/mark-anderson.raku <===
1903,  1908,  1914,  1920,  1925, 
1931,  1936,  1942,  1948,  1953, 
1959,  1964,  1970,  1976,  1981, 
1987,  1992,  1998,  2004,  2009, 
2015,  2020,  2026,  2032,  2037, 
2043,  2048,  2054,  2060,  2065, 
2071,  2076,  2082,  2088,  2093, 
2099
 
===> 137/1/mohammad-anwar.raku <===
ok 1 - Task Example
1..1
 
===> 137/1/polettix.raku <===
1903, 1908, 1914, 1920, 1925, 
1931, 1936, 1942, 1948, 1953, 
1959, 1964, 1970, 1976, 1981, 
1987, 1992, 1998, 2004, 2009, 
2015, 2020, 2026, 2032, 2037, 
2043, 2048, 2054, 2060, 2065, 
2071, 2076, 2082, 2088, 2093, 
2099
 
===> 137/1/roger-bell-west.raku <===
1..1
ok 1 - example 1
 
===> 137/1/ulrich-rieke.raku <===
1903, 1908, 1914, 1920, 1925,
1931, 1936, 1942, 1948, 1953,
1959, 1964, 1970, 1976, 1981,
1987, 1992, 1998, 2004, 2009,
2015, 2020, 2026, 2032, 2037,
2043, 2048, 2054, 2060, 2065,
2071, 2076, 2082, 2088, 2093,
2099
 
===> 137/1/wambash.raku <===
1903, 1908, 1914, 1920, 1925
1931, 1936, 1942, 1948, 1953
1959, 1964, 1970, 1976, 1981
1987, 1992, 1998, 2004, 2009
2015, 2020, 2026, 2032, 2037
2043, 2048, 2054, 2060, 2065
2071, 2076, 2082, 2088, 2093
2099
