 
===> 089/2/abigail.pl <===
8 1 6
3 5 7
4 9 2
 
===> 089/2/adam-russell.pl <===
 
===> 089/2/alexander-karelas.pl <===
[ 2 7 6 ]
[ 9 5 1 ]
[ 4 3 8 ]
=================
[ 2 9 4 ]
[ 7 5 3 ]
[ 6 1 8 ]
=================
[ 4 3 8 ]
[ 9 5 1 ]
[ 2 7 6 ]
=================
[ 4 9 2 ]
[ 3 5 7 ]
[ 8 1 6 ]
=================
[ 6 1 8 ]
[ 7 5 3 ]
[ 2 9 4 ]
=================
[ 6 7 2 ]
[ 1 5 9 ]
[ 8 3 4 ]
=================
[ 8 1 6 ]
[ 3 5 7 ]
[ 4 9 2 ]
=================
[ 8 3 4 ]
[ 1 5 9 ]
[ 6 7 2 ]
=================
 
===> 089/2/arne-sommer.pl <===
[ 2 7 6 ]
[ 9 5 1 ]
[ 4 3 8 ]
 
===> 089/2/athanasius.pl <===
A normal magic square of order 3:

 [ 8 1 6 ]
 [ 3 5 7 ]
 [ 4 9 2 ]
 
===> 089/2/cheok-yin-fung.pl <===
 2 7 6 
 9 5 1
 4 3 8

 2 9 4 
 7 5 3
 6 1 8

 4 3 8 
 9 5 1
 2 7 6

 4 9 2 
 3 5 7
 8 1 6

 6 1 8 
 7 5 3
 2 9 4

 6 7 2 
 1 5 9
 8 3 4

 8 1 6 
 3 5 7
 4 9 2

 8 3 4 
 1 5 9
 6 7 2

8
 
===> 089/2/colin-crain.pl <===
2 9 4
7 5 3
6 1 8

2 7 6
9 5 1
4 3 8

4 9 2
3 5 7
8 1 6

4 3 8
9 5 1
2 7 6

6 7 2
1 5 9
8 3 4

6 1 8
7 5 3
2 9 4

8 3 4
1 5 9
6 7 2

8 1 6
3 5 7
4 9 2

 
===> 089/2/dave-jacoby.pl <===
 
===> 089/2/duncan-c-white.pl <===
solution:
2 4 9
6 8 1
7 3 5
solution:
2 6 7
4 8 3
9 1 5
solution:
2 7 6
9 5 1
4 3 8
solution:
2 9 4
7 5 3
6 1 8
solution:
4 2 9
8 6 1
3 7 5
solution:
4 3 8
9 5 1
2 7 6
solution:
4 8 3
2 6 7
9 1 5
solution:
4 9 2
3 5 7
8 1 6
solution:
5 1 9
3 8 4
7 6 2
solution:
5 1 9
7 6 2
3 8 4
solution:
5 3 7
1 8 6
9 4 2
solution:
5 3 7
9 4 2
1 8 6
solution:
5 7 3
1 6 8
9 2 4
solution:
5 7 3
9 2 4
1 6 8
solution:
5 9 1
3 4 8
7 2 6
solution:
5 9 1
7 2 6
3 4 8
solution:
6 1 8
7 5 3
2 9 4
solution:
6 2 7
8 4 3
1 9 5
solution:
6 7 2
1 5 9
8 3 4
solution:
6 8 1
2 4 9
7 3 5
solution:
8 1 6
3 5 7
4 9 2
solution:
8 3 4
1 5 9
6 7 2
solution:
8 4 3
6 2 7
1 9 5
solution:
8 6 1
4 2 9
3 7 5
 
===> 089/2/e-choroba.pl <===
2 7 6
9 5 1
4 3 8
---
2 9 4
7 5 3
6 1 8
---
4 3 8
9 5 1
2 7 6
---
4 9 2
3 5 7
8 1 6
---
6 1 8
7 5 3
2 9 4
---
6 7 2
1 5 9
8 3 4
---
8 1 6
3 5 7
4 9 2
---
8 3 4
1 5 9
6 7 2
---
 
===> 089/2/jaldhar-h-vyas.pl <===
[ 2 7 6 ]
[ 9 5 1 ]
[ 4 3 8 ]
 
===> 089/2/james-smith.pl <===
2 7 6
9 5 1
4 3 8

2 9 4
7 5 3
6 1 8

4 3 8
9 5 1
2 7 6

4 9 2
3 5 7
8 1 6

6 1 8
7 5 3
2 9 4

6 7 2
1 5 9
8 3 4

8 1 6
3 5 7
4 9 2

8 3 4
1 5 9
6 7 2

  [ 2 7 6 ]
  [ 9 5 1 ]
  [ 4 3 8 ]

  [ 2 9 4 ]
  [ 7 5 3 ]
  [ 6 1 8 ]

  [ 4 3 8 ]
  [ 9 5 1 ]
  [ 2 7 6 ]

  [ 4 9 2 ]
  [ 3 5 7 ]
  [ 8 1 6 ]

  [ 6 1 8 ]
  [ 7 5 3 ]
  [ 2 9 4 ]

  [ 6 7 2 ]
  [ 1 5 9 ]
  [ 8 3 4 ]

  [ 8 1 6 ]
  [ 3 5 7 ]
  [ 4 9 2 ]

  [ 8 3 4 ]
  [ 1 5 9 ]
  [ 6 7 2 ]

 
===> 089/2/jcrosswh.pl <===
[ 8 1 6 ]
[ 3 5 7 ]
[ 4 9 2 ]
 
===> 089/2/jo-37.pl <===

[
 [8 1 6]
 [3 5 7]
 [4 9 2]
]

# Seeded srand with seed '1' from import arg.
ok 1 - row sums
ok 2 - col sums
ok 3 - diag sum
ok 4 - antidiag sum

[
 [17 24  1  8 15]
 [23  5  7 14 16]
 [ 4  6 13 20 22]
 [10 12 19 21  3]
 [11 18 25  2  9]
]

ok 5 - row sums
ok 6 - col sums
ok 7 - diag sum
ok 8 - antidiag sum

[
 [30 39 48  1 10 19 28]
 [38 47  7  9 18 27 29]
 [46  6  8 17 26 35 37]
 [ 5 14 16 25 34 36 45]
 [13 15 24 33 42 44  4]
 [21 23 32 41 43  3 12]
 [22 31 40 49  2 11 20]
]

ok 9 - row sums
ok 10 - col sums
ok 11 - diag sum
ok 12 - antidiag sum
1..12
 
===> 089/2/juliodcs.pl <===
The sum for a 3-side matrix is: 15
2 7 6
9 5 1
4 3 8

The sum for a 5-side matrix is: 65
 9  3 22 16 15
 2 21 20 14  8
25 19 13  7  1
18 12  6  5 24
11 10  4 23 17

The sum for a 7-side matrix is: 175
20 12  4 45 37 29 28
11  3 44 36 35 27 19
 2 43 42 34 26 18 10
49 41 33 25 17  9  1
40 32 24 16  8  7 48
31 23 15 14  6 47 39
22 21 13  5 46 38 30

The sum for a 9-side matrix is: 369
35 25 15  5 76 66 56 46 45
24 14  4 75 65 55 54 44 34
13  3 74 64 63 53 43 33 23
 2 73 72 62 52 42 32 22 12
81 71 61 51 41 31 21 11  1
70 60 50 40 30 20 10  9 80
59 49 39 29 19 18  8 79 69
48 38 28 27 17  7 78 68 58
37 36 26 16  6 77 67 57 47

The sum for a 11-side matrix is: 671
 54  42  30  18   6 115 103  91  79  67  66
 41  29  17   5 114 102  90  78  77  65  53
 28  16   4 113 101  89  88  76  64  52  40
 15   3 112 100  99  87  75  63  51  39  27
  2 111 110  98  86  74  62  50  38  26  14
121 109  97  85  73  61  49  37  25  13   1
108  96  84  72  60  48  36  24  12  11 120
 95  83  71  59  47  35  23  22  10 119 107
 82  70  58  46  34  33  21   9 118 106  94
 69  57  45  44  32  20   8 117 105  93  81
 56  55  43  31  19   7 116 104  92  80  68

 
===> 089/2/laurent-rosenfeld.pl <===
[ 2 7 6 ]
[ 9 5 1 ]
[ 4 3 8 ]
 
[ 2 9 4 ]
[ 7 5 3 ]
[ 6 1 8 ]
 
[ 4 3 8 ]
[ 9 5 1 ]
[ 2 7 6 ]
 
[ 4 9 2 ]
[ 3 5 7 ]
[ 8 1 6 ]
 
[ 6 1 8 ]
[ 7 5 3 ]
[ 2 9 4 ]
 
[ 6 7 2 ]
[ 1 5 9 ]
[ 8 3 4 ]
 
[ 8 1 6 ]
[ 3 5 7 ]
[ 4 9 2 ]
 
[ 8 3 4 ]
[ 1 5 9 ]
[ 6 7 2 ]
 
 
===> 089/2/lubos-kolouch.pl <===
2 7 6 
9 5 1 
4 3 8 
ok 1
1..1
 
===> 089/2/paulo-custodio.pl <===
[ 2 7 6 ]
[ 9 5 1 ]
[ 4 3 8 ]
 
===> 089/2/perlboy1967.pl <===
2 9 4
7 5 3
6 1 8
 
===> 089/2/polettix.pl <===
[   2  7  6 ]
[   9  5  1 ]
[   4  3  8 ]
 
===> 089/2/roger-bell-west.pl <===
1..8
ok 1 - row 1
ok 2 - row 2
ok 3 - row 3
ok 4 - col 1
ok 5 - col 2
ok 6 - col 3
ok 7 - dia 1
ok 8 - dia 2
4  9  2
3  5  7
8  1  6
 
===> 089/2/sgreen.pl <===
[ 6 1 8 ]
[ 7 5 3 ]
[ 2 9 4 ]
 
===> 089/2/ulrich-rieke.pl <===
 
===> 089/2/walt-mankowski.pl <===
8 1 6 
3 5 7 
4 9 2 
 
===> 089/2/wanderdoc.pl <===
[ 6 1 8 ]
[ 7 5 3 ]
[ 2 9 4 ]
 
===> 089/2/wlmb.pl <===
Generate one magical matrix

[
 [2 7 6]
 [9 5 1]
 [4 3 8]
]

Generate all magical matrices
