 
===> 089/2/aaronreidsmith.raku <===
[ 2 7 6 ]
[ 9 5 1 ]
[ 4 3 8 ]
 
===> 089/2/arne-sommer.raku <===
[ 2 7 6 ]
[ 9 5 1 ]
[ 4 3 8 ]
 
===> 089/2/athanasius.raku <===
A normal magic square of order 3:

 [ 8 1 6 ]
 [ 3 5 7 ]
 [ 4 9 2 ]
 
===> 089/2/feng-chang.raku <===
2 7 6
9 5 1
4 3 8

2 9 4
7 5 3
6 1 8

4 3 8
9 5 1
2 7 6

4 9 2
3 5 7
8 1 6

6 1 8
7 5 3
2 9 4

6 7 2
1 5 9
8 3 4

8 1 6
3 5 7
4 9 2

8 3 4
1 5 9
6 7 2
 
===> 089/2/gugod.raku <===
 
===> 089/2/jaldhar-h-vyas.raku <===
[ 2 7 6 ]
[ 9 5 1 ]
[ 4 3 8 ]
 
===> 089/2/juliodcs.raku <===
2 7 6
9 5 1
4 3 8

2 9 4
7 5 3
6 1 8

4 3 8
9 5 1
2 7 6

4 9 2
3 5 7
8 1 6

6 1 8
7 5 3
2 9 4

6 7 2
1 5 9
8 3 4

8 1 6
3 5 7
4 9 2

8 3 4
1 5 9
6 7 2

 
===> 089/2/laurent-rosenfeld.raku <===
[ 2  7  6 ]
[ 9  5  1 ]
[ 4  3  8 ]
 
[ 2  9  4 ]
[ 7  5  3 ]
[ 6  1  8 ]
 
[ 4  3  8 ]
[ 9  5  1 ]
[ 2  7  6 ]
 
[ 4  9  2 ]
[ 3  5  7 ]
[ 8  1  6 ]
 
[ 6  1  8 ]
[ 7  5  3 ]
[ 2  9  4 ]
 
[ 6  7  2 ]
[ 1  5  9 ]
[ 8  3  4 ]
 
[ 8  1  6 ]
[ 3  5  7 ]
[ 4  9  2 ]
 
[ 8  3  4 ]
[ 1  5  9 ]
[ 6  7  2 ]
 
Counters: 362880 34560
 
===> 089/2/mark-anderson.raku <===
[8 1 6]
[3 5 7]
[4 9 2]
 
===> 089/2/pkmnx.raku <===
6 7 2
1 5 9
8 3 4

2 7 6
9 5 1
4 3 8

8 1 6
3 5 7
4 9 2

6 1 8
7 5 3
2 9 4

4 9 2
3 5 7
8 1 6

2 9 4
7 5 3
6 1 8

8 3 4
1 5 9
6 7 2

4 3 8
9 5 1
2 7 6

 
===> 089/2/roger-bell-west.raku <===
1..8
ok 1 - row 1
ok 2 - row 2
ok 3 - row 3
ok 4 - col 1
ok 5 - col 2
ok 6 - col 3
ok 7 - dia 1
ok 8 - dia 2
 
===> 089/2/simon-proctor.raku <===
2 7 6
9 5 1
4 3 8
 
===> 089/2/ulrich-rieke.raku <===
 
===> 089/2/wambash.raku <===
ok 1 - 
ok 2 - 
ok 3 - 
ok 4 - 
ok 5 - 
ok 6 - 
1..6
 
===> 089/2/xliff.raku <===
[ 2 7 6 ]
[ 9 5 1 ]
[ 4 3 8 ]


[ 2 9 4 ]
[ 7 5 3 ]
[ 6 1 8 ]


[ 4 3 8 ]
[ 9 5 1 ]
[ 2 7 6 ]


[ 4 9 2 ]
[ 3 5 7 ]
[ 8 1 6 ]


[ 6 1 8 ]
[ 7 5 3 ]
[ 2 9 4 ]


[ 6 7 2 ]
[ 1 5 9 ]
[ 8 3 4 ]


[ 8 1 6 ]
[ 3 5 7 ]
[ 4 9 2 ]


[ 8 3 4 ]
[ 1 5 9 ]
[ 6 7 2 ]


