 
===> 164/1/adam-russell.pl <===
2, 3, 5, 7, 11, 101, 131, 151, 181, 191, 313, 353, 373, 383, 727, 757, 787, 797, 919, 929 
===> 164/1/arne-sommer.pl <===
1000
2, 3, 5, 7, 11, 101, 131, 151, 181, 191, 313, 353, 373, 383, 727, 757, 787, 797, 919, 929
 
===> 164/1/athanasius.pl <===
The 20 prime numbers less than 1000 which are also palindromes in base 10:
2, 3, 5, 7, 11, 101, 131, 151, 181, 191, 313, 353, 373, 383, 727, 757, 787, 797, 919, 929
 
===> 164/1/colin-crain.pl <===
2
3
5
7
11
101
131
151
181
191
313
353
373
383
727
757
787
797
919
929
 
===> 164/1/dave-jacoby.pl <===
2
3
5
7
11
101
131
151
181
191
313
353
373
383
727
757
787
797
919
929
 
===> 164/1/e-choroba.pl <===
1..1
ok 1
 
===> 164/1/james-marquis.pl <===
You entered 
The range requested was  10 to .
 
===> 164/1/james-smith.pl <===
2
3
5
7
11
101
131
151
181
191
313
353
373
383
727
757
787
797
919
929
2
3
5
7
11
101
131
151
181
191
313
353
373
383
727
757
787
797
919
929
 
===> 164/1/jo-37.pl <===
# Seeded srand with seed '1' from import arg.
ok 1 - task 1 according to http://oeis.org/A002385
ok 2 - see http://oeis.org/A029974
1..2
 
===> 164/1/perlboy1967.pl <===
2, 3, 5, 7, 11, 101, 131, 151, 181, 191, 313, 353, 373, 383, 727, 757, 787, 797, 919, 929
 
===> 164/1/peter-campbell-smith.pl <===

The following are palindromic primes:
2, 3, 5, 7, 11, 101, 131, 151, 181, 191, 313, 353, 373, 383, 727, 757, 787, 797, 919, 929
 
===> 164/1/polettix.pl <===
2 3 5 7 11 101 131 151 181 191 313 353 373 383 727 757 787 797 919 929
 
===> 164/1/robert-dicicco.pl <===
2 3 5 7 11 101 131 151 181 191 313 353 373 383 727 757 787 797 919 929  
 
===> 164/1/roger-bell-west.pl <===
1..1
ok 1 - example 1
 
===> 164/1/ryan-thompson.pl <===
2
3
5
7
11
101
131
151
181
191
313
353
373
383
727
757
787
797
919
929
 
===> 164/1/ulrich-rieke.pl <===
2,3,5,7,11,101,131,151,181,191,313,353,373,383,727,757,787,797,919,929
