 
===> 164/1/0rir.raku <===
(2 3 5 7 11 101 131 151 181 191 313 353 373 383 727 757 787 797 919 929)
(2 3 5 7 11 101 131 151 181 191 313 353 373 383 727 757 787 797 919 929)
(2 3 5 7 11 101 131 151 181 191 313 353 373 383 727 757 787 797 919 929)
(2 3 5 7 11 101 131 151 181 191 313 353 373 383 727 757 787 797 919 929)
(2)
 
===> 164/1/2colours.raku <===
2, 3, 5, 7, 11, 101, 131, 151, 181, 191, 313, 353, 373, 383, 727, 757, 787, 797, 919, 929
 
===> 164/1/arne-sommer.raku <===
2, 3, 5, 7, 11, 101, 131, 151, 181, 191, 313, 353, 373, 383, 727, 757, 787, 797, 919, 929
 
===> 164/1/athanasius.raku <===
The 20 prime numbers less than 1000 which are also palindromes in base 10:
2, 3, 5, 7, 11, 101, 131, 151, 181, 191, 313, 353, 373, 383, 727, 757, 787, 797, 919, 929
 
===> 164/1/bruce-gray.raku <===
2 3 5 7 11 101 131 151 181 191 313 353 373 383 727 757 787 797 919 929
 
===> 164/1/colin-crain.raku <===
2
5
11
17
23
31
41
47
59
67
73
83
97
103
109
127
137
149
157
167
179
191
197
211
227
233
241
257
269
277
283
307
313
331
347
353
367
379
389
401
419
431
439
449
461
467
487
499
509
523
547
563
571
587
599
607
617
631
643
653
661
677
691
709
727
739
751
761
773
797
811
823
829
853
859
877
883
907
919
937
947
967
977
991
 
===> 164/1/laurent-rosenfeld.raku <===
(2 3 5 7 11 101 131 151 181 191 313 353 373 383 727 757 787 797 919 929)
 
===> 164/1/luca-ferrari.raku <===
11
101
131
151
181
191
313
353
373
383
727
757
787
797
919
929
 
===> 164/1/mark-anderson.raku <===
ok 1 - 
 
===> 164/1/mark-senn.raku <===
(2 3 5 7 11 101 131 151 181 191 313 353 373 383 727 757 787 797 919 929)
 
===> 164/1/massa.raku <===
(2 3 5 7 11 101 131 151 181 191 313 353 373 383 727 757 787 797 919 929)
 
===> 164/1/polettix.raku <===
2 3 5 7 11 101 131 151 181 191 313 353 373 383 727 757 787 797 919 929
 
===> 164/1/rick-bychowski.raku <===
(2 3 5 7 11 101 131 151 181 191 313 353 373 383 727 757 787 797 919 929)
 
===> 164/1/robert-dicicco.raku <===
2 3 5 7 11 101 131 151 181 191 313 353 373 383 727 757 787 797 919 929  
 
===> 164/1/roger-bell-west.raku <===
1..1
ok 1 - example 1
 
===> 164/1/ulrich-rieke.raku <===
2,3,5,7,11,101,131,151,181,191,313,353,373,383,727,757,787,797,919,929
 
===> 164/1/wambash.raku <===
ok 1 - 
ok 2 - 
ok 3 - 
ok 4 - 
1..4
