 
===> 011/2/adam-russell.pl <===
5 x 5 identity matrix:
	1 0 0 0 0
	0 1 0 0 0
	0 0 1 0 0
	0 0 0 1 0
	0 0 0 0 1
 
===> 011/2/alicia-bielsa.pl <===
1	0	0	0	0	
0	1	0	0	0	
0	0	1	0	0	
0	0	0	1	0	
0	0	0	0	1	
 
===> 011/2/andrezgz.pl <===
 1 0 0 0 0
 0 1 0 0 0
 0 0 1 0 0
 0 0 0 1 0
 0 0 0 0 1
 
===> 011/2/athanasius.pl <===

Identity Matrix of size 5:
|1 0 0 0 0|
|0 1 0 0 0|
|0 0 1 0 0|
|0 0 0 1 0|
|0 0 0 0 1|
 
===> 011/2/e-choroba.pl <===

[
 [1 0 0 0 0]
 [0 1 0 0 0]
 [0 0 1 0 0]
 [0 0 0 1 0]
 [0 0 0 0 1]
]
 
===> 011/2/feng-chang.pl <===
1 0 0 0 0
0 1 0 0 0
0 0 1 0 0
0 0 0 1 0
0 0 0 0 1
 
===> 011/2/gustavo-chaves.pl <===
1 0 0 0 0
0 1 0 0 0
0 0 1 0 0
0 0 0 1 0
0 0 0 0 1
 
===> 011/2/jaldhar-h-vyas.pl <===
1 0 0 0 0 
0 1 0 0 0 
0 0 1 0 0 
0 0 0 1 0 
0 0 0 0 1 
 
===> 011/2/joelle-maslak.pl <===
1 0 0 0 0
0 1 0 0 0
0 0 1 0 0
0 0 0 1 0
0 0 0 0 1
 
===> 011/2/kian-meng-ang.pl <===
[  1           0           0           0           0          ]
[  0           1           0           0           0          ]
[  0           0           1           0           0          ]
[  0           0           0           1           0          ]
[  0           0           0           0           1          ]

 
===> 011/2/kivanc-yazan.pl <===
1 0 0 0 0 
0 1 0 0 0 
0 0 1 0 0 
0 0 0 1 0 
0 0 0 0 1 
 
===> 011/2/lakpatashi.pl <===
1 0 0 0 0
0 1 0 0 0
0 0 1 0 0
0 0 0 1 0
0 0 0 0 1
 
===> 011/2/laurent-rosenfeld.pl <===
1 0 0 0
0 1 0 0
0 0 1 0
0 0 0 1
0 0 0 0
 
===> 011/2/paulo-custodio.pl <===
[[1, 0, 0, 0, 0],
 [0, 1, 0, 0, 0],
 [0, 0, 1, 0, 0],
 [0, 0, 0, 1, 0],
 [0, 0, 0, 0, 1]]
 
===> 011/2/ruben-westerberg.pl <===
1 0 0 0 0
0 1 0 0 0
0 0 1 0 0
0 0 0 1 0
0 0 0 0 1
 
===> 011/2/steven-wilson.pl <===
1 0 0 0 0
0 1 0 0 0
0 0 1 0 0
0 0 0 1 0
0 0 0 0 1
 
===> 011/2/yozen-hernandez.pl <===
Identity matrix for an 5 x 5 square matrix
1 0 0 0 0
0 1 0 0 0
0 0 1 0 0
0 0 0 1 0
0 0 0 0 1
