 
===> 200/1/adam-russell.pl <===
1, 2, 3, 4
[1, 2, 3]
[1, 2, 3, 4]
[2, 3, 4]

2
[]
 
===> 200/1/athanasius.pl <===
Running the test suite
ok 1 - Example 1 
ok 2 - Example 2 
ok 3 - Evens     
ok 4 - Odds      
ok 5 - Decreasing
ok 6 - Up & down 
ok 7 - Unchanging
1..7
 
===> 200/1/bob-lied.pl <===
# Seeded srand with seed '1' from import arg.
ok 1 - Example 1
ok 2 - Example 2
ok 3 - Bigger list, more diffs
ok 4 - No runs of 3
ok 5 - Non-monotonic
ok 6 - Negative difference
1..6

 
===> 200/1/cheok-yin-fung.pl <===
1,2,3
2,3,4
1,2,3,4
 
===> 200/1/colin-crain.pl <===
1 2 3
3 5 7
3 5 7 9
5 7 9
9 6 3
9 6 3 0
9 6 3 0 -3
6 3 0
6 3 0 -3
3 0 -3
 
===> 200/1/dave-jacoby.pl <===
    Input:  @array = (1,2,3,4) 
    Output: ((1,2,3), (2,3,4), (1,2,3,4))

    Input:  @array = (2,4,6,8,9,10,11) 
    Output: ((2,4,6), (4,6,8), (8,9,10), (9,10,11), (2,4,6,8), (8,9,10,11))

    Input:  @array = (2) 
    Output: ()

 
===> 200/1/e-choroba.pl <===
# Seeded srand with seed '1' from import arg.
1..5
ok 1 - Example 1
ok 2 - Example 2
ok 3 - Decreasing
ok 4 - Skipping
ok 5 - All the same
 
===> 200/1/laurent-rosenfeld.pl <===
1 2 3 4    => (1 2 3) (1 2 3 4) (2 3 4) 
2 5        => () 
3 4 5 6 8  => (3 4 5) (3 4 5 6) (4 5 6) 
3 5 7 9    => (3 5 7) (3 5 7 9) (5 7 9) 
2 5 9      => () 
 
===> 200/1/peter-campbell-smith.pl <===

Input:  (1, 2, 3, 4)
Output: (1, 2, 3), (2, 3, 4), (1, 2, 3, 4)

Input:  (1, 2, 3, 4, 6)
Output: (1, 2, 3), (2, 3, 4), (1, 2, 3, 4)

Input:  (0, 1, 5, 9, 13, 22, 99, 101, 102, 103, 105)
Output: (1, 5, 9), (5, 9, 13), (1, 5, 9, 13), (101, 102, 103)

Input:  (0, 0, 0)
Output: (0, 0, 0)

Input:  (-3, 1, 5, 9)
Output: (-3, 1, 5), (1, 5, 9), (-3, 1, 5, 9)

Input:  (10, 8, 6, 4)
Output: (10, 8, 6), (8, 6, 4), (10, 8, 6, 4)

Input:  (7, 8, 8, 10, 13, 17)
Output: () as no slice found

Input:  (1, 2, 3, 6, 9)
Output: (1, 2, 3), (3, 6, 9)

Input:  (0, 4, 8, 12, 16, 20, 24, 28, 32)
Output: (0, 4, 8), (4, 8, 12), (8, 12, 16), (12, 16, 20), (16, 20, 24), (20, 24, 28), (24, 28, 32), (0, 4, 8, 12), (4, 8, 12, 16), (8, 12, 16, 20), (12, 16, 20, 24), (16, 20, 24, 28), (20, 24, 28, 32), (0, 4, 8, 12, 16), (4, 8, 12, 16, 20), (8, 12, 16, 20, 24), (12, 16, 20, 24, 28), (16, 20, 24, 28, 32), (0, 4, 8, 12, 16, 20), (4, 8, 12, 16, 20, 24), (8, 12, 16, 20, 24, 28), (12, 16, 20, 24, 28, 32), (0, 4, 8, 12, 16, 20, 24), (4, 8, 12, 16, 20, 24, 28), (8, 12, 16, 20, 24, 28, 32), (0, 4, 8, 12, 16, 20, 24, 28), (4, 8, 12, 16, 20, 24, 28, 32), (0, 4, 8, 12, 16, 20, 24, 28, 32)
 
===> 200/1/pip.pl <===
(1,2,3,4) => (1,2,3), (1,2,3,4), (2,3,4)
(2      ) => () as no slice found.
 
===> 200/1/polettix.pl <===
(1,2,3), (2,3,4), (1,2,3,4)
 
===> 200/1/robert-dicicco.pl <===
Input: @array = [1 2 3 4]
Output: [1 2 3] [2 3 4] [1 2 3 4]

Input: @array = [2]
Output: ()

 
===> 200/1/roger-bell-west.pl <===
1..2
ok 1 - example 1
ok 2 - example 2
 
===> 200/1/sgreen.pl <===
(1, 2, 3), (1, 2, 3, 4), (2, 3, 4), (4, 3, 2), (4, 3, 2, 1), (3, 2, 1)
 
===> 200/1/solathian.pl <===
(1,2,3),(2,3,4),(1,2,3,4),
(1,2,3),(2,3,4),(1,2,3,4),
()
(1,2,3),(2,3,4),(3,4,5),(1,2,3,4),(2,3,4,5),(1,2,3,4,5),
 
===> 200/1/steve-g-lynn.pl <===
1 2 3
1 2 3 4
2 3 4
4 6 8
4 6 8 10
6 8 10
 
===> 200/1/wlmb.pl <===
The arithmetic slices of [ 9 1 2 3 4 4 3 2 1 9 ] are
[
    [1 2 3]
    [1 2 3 4]
    [2 3 4]
    [4 3 2]
    [4 3 2 1]
    [3 2 1]
]
