 
===> 118/2/abigail.pl <===
a8 c7 e6 c5 b3 c1 a2 c3 b1 a3 c4 b2
 
===> 118/2/cheok-yin-fung.pl <===
0 3 2 3 2 3 4 5 
3 2 1 2 3 4 3 4 
2 1 4 3 2 3 4 5 
3 2 3 2 3 4 3 4 
2 3 2 3 4 3 4 5 
3 4 3 4 3 4 5 4 
4 3 4 3 4 5 4 5 
5 4 5 4 5 4 5 6 
 
===> 118/2/colin-crain.pl <===
quest complete!

the knight's quest took 17 steps
 
===> 118/2/jaldhar-h-vyas.pl <===
a8 c7 e6 d4 b3 c1 a2 c3 b1 a3 c4 b2
 
===> 118/2/james-smith.pl <===

[
  [10, 17],
  [11, 16, 18],
  [8, 12, 17, 19],
  [9, 13, 18, 20],
  [10, 14, 19, 21],
  [11, 15, 20, 22],
  [12, 21, 23],
  [13, 22],
  [2, 18, 25],
  [3, 19, 24, 26],
  [0, 4, 16, 20, 25, 27],
  [1, 5, 17, 21, 26, 28],
  [2, 6, 18, 22, 27, 29],
  [3, 7, 19, 23, 28, 30],
  [4, 20, 29, 31],
  [5, 21, 30],
  [1, 10, 26, 33],
  [0, 2, 11, 27, 32, 34],
  [1, 3, 8, 12, 24, 28, 33, 35],
  [2, 4, 9, 13, 25, 29, 34, 36],
  [3, 5, 10, 14, 26, 30, 35, 37],
  [4, 6, 11, 15, 27, 31, 36, 38],
  [5, 7, 12, 28, 37, 39],
  [6, 13, 29, 38],
  [9, 18, 34, 41],
  [8, 10, 19, 35, 40, 42],
  [9, 11, 16, 20, 32, 36, 41, 43],
  [10, 12, 17, 21, 33, 37, 42, 44],
  [11, 13, 18, 22, 34, 38, 43, 45],
  [12, 14, 19, 23, 35, 39, 44, 46],
  [13, 15, 20, 36, 45, 47],
  [14, 21, 37, 46],
  [17, 26, 42, 49],
  [16, 18, 27, 43, 48, 50],
  [17, 19, 24, 28, 40, 44, 49, 51],
  [18, 20, 25, 29, 41, 45, 50, 52],
  [19, 21, 26, 30, 42, 46, 51, 53],
  [20, 22, 27, 31, 43, 47, 52, 54],
  [21, 23, 28, 44, 53, 55],
  [22, 29, 45, 54],
  [25, 34, 50, 57],
  [24, 26, 35, 51, 56, 58],
  [25, 27, 32, 36, 48, 52, 57, 59],
  [26, 28, 33, 37, 49, 53, 58, 60],
  [27, 29, 34, 38, 50, 54, 59, 61],
  [28, 30, 35, 39, 51, 55, 60, 62],
  [29, 31, 36, 52, 61, 63],
  [30, 37, 53, 62],
  [33, 42, 58],
  [32, 34, 43, 59],
  [33, 35, 40, 44, 56, 60],
  [34, 36, 41, 45, 57, 61],
  [35, 37, 42, 46, 58, 62],
  [36, 38, 43, 47, 59, 63],
  [37, 39, 44, 60],
  [38, 45, 61],
  [41, 50],
  [40, 42, 51],
  [41, 43, 48, 52],
  [42, 44, 49, 53],
  [43, 45, 50, 54],
  [44, 46, 51, 55],
  [45, 47, 52],
  [46, 53],
]


Treasures: a2 b1 b2 b3 c4 e6
#Steps:    11
Route:     a8  c7  e6* c5  b3* c1  a2* c3  b1* d2  c4* b2*

 
===> 118/2/jo-37.pl <===
# Seeded srand with seed '1234' from import arg.
ok 1 - lined up
1..1
 
===> 118/2/pete-houston.pl <===
 
===> 118/2/polettix.pl <===
11 moves
 
===> 118/2/roger-bell-west.pl <===
a8
-> c7 -> e6
-> c5 -> b3
-> c1 -> a2
-> c3 -> b1
-> a3 -> c4
-> b2

11 moves
 
===> 118/2/sgreen.pl <===
The shortest path is 12 steps
*a8* » c7 » *e6* » c5 » *b3* » c1 » *a2* » c3 » *b1* » a3 » *c4* » *b2*
 
===> 118/2/stuart-little.pl <===
1 -- a8
2 -- c7
3 -- e6 TREASURE
4 -- g5
5 -- h3
6 -- g1
7 -- e2
8 -- c1
9 -- a2 TREASURE
10 -- b4
11 -- d3
12 -- f2
13 -- h1
14 -- g3
15 -- f1
16 -- d2
17 -- b1 TREASURE
18 -- a3
19 -- c2
20 -- e1
21 -- f3
22 -- h2
23 -- g4
24 -- e3
25 -- g2
26 -- f4
27 -- d5
28 -- c3
29 -- d1
30 -- b2 TREASURE
31 -- a4
32 -- b6
33 -- c4 TREASURE
34 -- e5
35 -- d7
36 -- f8
37 -- h7
38 -- f6
39 -- h5
40 -- g7
41 -- e8
42 -- d6
43 -- e4
44 -- c5
45 -- a6
46 -- b8
47 -- c6
48 -- d4
49 -- b5
50 -- a7
51 -- c8
52 -- e7
53 -- g8
54 -- h6
55 -- f5
56 -- h4
57 -- g6
58 -- h8
59 -- f7
60 -- d8
61 -- b7
62 -- a5
63 -- b3 TREASURE
 
===> 118/2/ulrich-rieke.pl <===
(8,1)->(7,3)->(6,5)->(4,4)->(2,3)->(3,1)->(4,3)->(5,1)->(3,2)->(1,3)->(2,1)->(1,3)->(3,4)->(2,2)->(4,1)->(3,3)->(1,2)
 
===> 118/2/wlmb.pl <===
Path: a8 c7 e6 c5 b3 a5 c4 b2 d3 b4 a2 c3 b1
Visited sites: 
[
 [1 0 0 0 0 0 0 0]
 [0 0 1 0 0 0 0 0]
 [0 0 0 0 1 0 0 0]
 [1 0 1 0 0 0 0 0]
 [0 1 1 0 0 0 0 0]
 [0 1 1 1 0 0 0 0]
 [1 1 0 0 0 0 0 0]
 [0 1 0 0 0 0 0 0]
]

Sequence of positions:

[
 [1 0 0 0 0 0 0 0]
 [0 0 0 0 0 0 0 0]
 [0 0 0 0 0 0 0 0]
 [0 0 0 0 0 0 0 0]
 [0 0 0 0 0 0 0 0]
 [0 0 0 0 0 0 0 0]
 [0 0 0 0 0 0 0 0]
 [0 0 0 0 0 0 0 0]
]

[
 [0 0 0 0 0 0 0 0]
 [0 0 1 0 0 0 0 0]
 [0 0 0 0 0 0 0 0]
 [0 0 0 0 0 0 0 0]
 [0 0 0 0 0 0 0 0]
 [0 0 0 0 0 0 0 0]
 [0 0 0 0 0 0 0 0]
 [0 0 0 0 0 0 0 0]
]

[
 [0 0 0 0 0 0 0 0]
 [0 0 0 0 0 0 0 0]
 [0 0 0 0 1 0 0 0]
 [0 0 0 0 0 0 0 0]
 [0 0 0 0 0 0 0 0]
 [0 0 0 0 0 0 0 0]
 [0 0 0 0 0 0 0 0]
 [0 0 0 0 0 0 0 0]
]

[
 [0 0 0 0 0 0 0 0]
 [0 0 0 0 0 0 0 0]
 [0 0 0 0 0 0 0 0]
 [0 0 1 0 0 0 0 0]
 [0 0 0 0 0 0 0 0]
 [0 0 0 0 0 0 0 0]
 [0 0 0 0 0 0 0 0]
 [0 0 0 0 0 0 0 0]
]

[
 [0 0 0 0 0 0 0 0]
 [0 0 0 0 0 0 0 0]
 [0 0 0 0 0 0 0 0]
 [0 0 0 0 0 0 0 0]
 [0 0 0 0 0 0 0 0]
 [0 1 0 0 0 0 0 0]
 [0 0 0 0 0 0 0 0]
 [0 0 0 0 0 0 0 0]
]

[
 [0 0 0 0 0 0 0 0]
 [0 0 0 0 0 0 0 0]
 [0 0 0 0 0 0 0 0]
 [1 0 0 0 0 0 0 0]
 [0 0 0 0 0 0 0 0]
 [0 0 0 0 0 0 0 0]
 [0 0 0 0 0 0 0 0]
 [0 0 0 0 0 0 0 0]
]

[
 [0 0 0 0 0 0 0 0]
 [0 0 0 0 0 0 0 0]
 [0 0 0 0 0 0 0 0]
 [0 0 0 0 0 0 0 0]
 [0 0 1 0 0 0 0 0]
 [0 0 0 0 0 0 0 0]
 [0 0 0 0 0 0 0 0]
 [0 0 0 0 0 0 0 0]
]

[
 [0 0 0 0 0 0 0 0]
 [0 0 0 0 0 0 0 0]
 [0 0 0 0 0 0 0 0]
 [0 0 0 0 0 0 0 0]
 [0 0 0 0 0 0 0 0]
 [0 0 0 0 0 0 0 0]
 [0 1 0 0 0 0 0 0]
 [0 0 0 0 0 0 0 0]
]

[
 [0 0 0 0 0 0 0 0]
 [0 0 0 0 0 0 0 0]
 [0 0 0 0 0 0 0 0]
 [0 0 0 0 0 0 0 0]
 [0 0 0 0 0 0 0 0]
 [0 0 0 1 0 0 0 0]
 [0 0 0 0 0 0 0 0]
 [0 0 0 0 0 0 0 0]
]

[
 [0 0 0 0 0 0 0 0]
 [0 0 0 0 0 0 0 0]
 [0 0 0 0 0 0 0 0]
 [0 0 0 0 0 0 0 0]
 [0 1 0 0 0 0 0 0]
 [0 0 0 0 0 0 0 0]
 [0 0 0 0 0 0 0 0]
 [0 0 0 0 0 0 0 0]
]

[
 [0 0 0 0 0 0 0 0]
 [0 0 0 0 0 0 0 0]
 [0 0 0 0 0 0 0 0]
 [0 0 0 0 0 0 0 0]
 [0 0 0 0 0 0 0 0]
 [0 0 0 0 0 0 0 0]
 [1 0 0 0 0 0 0 0]
 [0 0 0 0 0 0 0 0]
]

[
 [0 0 0 0 0 0 0 0]
 [0 0 0 0 0 0 0 0]
 [0 0 0 0 0 0 0 0]
 [0 0 0 0 0 0 0 0]
 [0 0 0 0 0 0 0 0]
 [0 0 1 0 0 0 0 0]
 [0 0 0 0 0 0 0 0]
 [0 0 0 0 0 0 0 0]
]

[
 [0 0 0 0 0 0 0 0]
 [0 0 0 0 0 0 0 0]
 [0 0 0 0 0 0 0 0]
 [0 0 0 0 0 0 0 0]
 [0 0 0 0 0 0 0 0]
 [0 0 0 0 0 0 0 0]
 [0 0 0 0 0 0 0 0]
 [0 1 0 0 0 0 0 0]
]

