 
===> 169/1/adam-russell.pl <===
4, 6, 9, 10, 14, 15, 21, 25, 35, 49, 121, 143, 169, 187, 209, 221, 247, 253, 289, 299
 
===> 169/1/arne-sommer.pl <===
4, 6, 9, 10, 14, 15, 21, 25, 35, 49, 121, 143, 169, 187, 209, 221, 247, 253, 289, 299
 
===> 169/1/athanasius.pl <===
The first 20 brilliant numbers:
4, 6, 9, 10, 14, 15, 21, 25, 35, 49, 121, 143, 169, 187, 209, 221, 247, 253, 289, 299
 
===> 169/1/cheok-yin-fung.pl <===
1..14
4
6
9
10
14
15
21
25
35
49
121
143
169
187
209
221
247
253
289
299

ok 1
ok 2
ok 3
ok 4
ok 5
ok 6
ok 7
ok 8
ok 9
ok 10
ok 11
ok 12
ok 13
ok 14
 
===> 169/1/colin-crain.pl <===
4 6 9 10 14 15 21 25 35 49 121 143 169 187 209 221 247 253 289 299
 
===> 169/1/dario-mazzeo.pl <===
4, 6, 9, 10, 14, 15, 21, 25, 35, 49, 121, 143, 169, 187, 209, 221, 247, 253, 289, 299
 
===> 169/1/dave-jacoby.pl <===
4, 6, 9, 10, 14, 15, 21, 25, 35, 49, 121, 143, 169, 187, 209, 221, 247, 253, 289, 299
 
===> 169/1/e-choroba.pl <===
1..1
ok 1
 
===> 169/1/jaldhar-h-vyas.pl <===
4, 6, 9, 10, 14, 15, 21, 25, 35, 49, 121, 143, 169, 187, 209, 221, 247, 253, 289, 299
 
===> 169/1/jo-37.pl <===
# Seeded srand with seed '1' from import arg.
ok 1 - task 1
ok 2 - A078972
ok 3 - A085721
1..3
 
===> 169/1/laurent-rosenfeld.pl <===
4 6 9 10 14 15 21 25 35 49 121 143 169 187 209 221 247 253 289 299
 
===> 169/1/lubos-kolouch.pl <===
ok 1
ok 2
ok 3
ok 4
ok 5
1..5
 
===> 169/1/perlboy1967.pl <===
4 => (2,2)
6 => (2,3)
9 => (3,3)
10 => (2,5)
14 => (2,7)
15 => (3,5)
21 => (3,7)
25 => (5,5)
35 => (5,7)
49 => (7,7)
121 => (11,11)
143 => (11,13)
169 => (13,13)
187 => (11,17)
209 => (11,19)
221 => (13,17)
247 => (13,19)
253 => (11,23)
289 => (17,17)
299 => (13,23)
 
===> 169/1/peter-campbell-smith.pl <===
4, 6, 9, 10, 14, 15, 21, 25, 35, 49, 121, 143, 169, 187, 209, 221, 247, 253, 289, 299
 
===> 169/1/pokgopun.pl <===
4, 6, 9, 10, 14, 15, 21, 25, 35, 49, 121, 143, 169, 187, 209, 221, 247, 253, 289, 299
 
===> 169/1/polettix.pl <===
4, 6, 9, 10, 14, 15, 21, 25, 35, 49, 121, 143, 169, 187, 209, 221, 247, 253, 289, 299
 
===> 169/1/roger-bell-west.pl <===
1..1
ok 1 - example 1
 
===> 169/1/ryan-thompson.pl <===
4
6
9
10
14
15
21
25
35
49
121
143
169
187
209
221
247
253
289
299
 
===> 169/1/sgreen.pl <===
4, 6, 9, 10, 14, 15, 21, 25, 35, 49, 121, 143, 169, 187, 209, 221, 247, 253, 289, 299
 
===> 169/1/steve-g-lynn.pl <===
4 6 9 10 14 15 21 25 35 49 121 143 169 187 209 221 247 253 289 299 
 
===> 169/1/ulrich-rieke.pl <===
4,6,9,10,14,15,21,25,35,49,121,143,169,187,209,221,247,253,289,299
 
===> 169/1/wlmb.pl <===
The first 20 brilliant numbers are: 4 6 9 10 14 15 21 25 35 49 121 143 169 187 209 221 247 253 289 299
