 
===> 169/1/0rir.raku <===

Output
4, 6, 9, 10, 14, 15, 21, 25, 35, 49, 121, 143, 169, 187, 209, 221, 247, 253, 289, 299
 
===> 169/1/2colours.raku <===
4, 6, 9, 10, 14, 15, 21, 25, 35, 49, 121, 143, 169, 187, 209, 221, 247, 253, 289, 299
 
===> 169/1/arne-sommer.raku <===
4, 6, 9, 10, 14, 15, 21, 25, 35, 49, 121, 143, 169, 187, 209, 221, 247, 253, 289, 299
 
===> 169/1/athanasius.raku <===
The first 20 brilliant numbers:
4, 6, 9, 10, 14, 15, 21, 25, 35, 49, 121, 143, 169, 187, 209, 221, 247, 253, 289, 299
 
===> 169/1/bruce-gray.raku <===
ok 1 - 
ok 2 - 
 
===> 169/1/habere-et-dispetire.raku <===
4 6 9 10 14 15 21 25 35 49 121 143 169 187 209 221 247 253 289 299
 
===> 169/1/jaldhar-h-vyas.raku <===
4, 6, 9, 10, 14, 15, 21, 25, 35, 49, 121, 143, 169, 187, 209, 221, 247, 253, 289, 299
 
===> 169/1/laurent-rosenfeld.raku <===
(4 6 9 10 14 15 21 25 35 49 121 143 169 187 209 221 247 253 289 299)
 
===> 169/1/luca-ferrari.raku <===
6
10
14
15
21
35
143
187
209
221
247
253
299
319
323
341
377
391
403
407
437
 
===> 169/1/mark-anderson.raku <===
ok 1 - 
ok 2 - 
ok 3 - 
 
===> 169/1/polettix.raku <===
4, 6, 9, 10, 14, 15, 21, 25, 35, 49, 121, 143, 169, 187, 209, 221, 247, 253, 289, 299
 
===> 169/1/rick-bychowski.raku <===
4, 6, 9, 10, 14, 15, 21, 25, 35, 49, 121, 143, 169, 187, 209, 221, 247, 253, 289, 299
 
===> 169/1/robert-dicicco.raku <===
[4 6 9 10 14 15 21 25 35 49 121 143 169 187 209 221 247 253 289 299]
 
===> 169/1/roger-bell-west.raku <===
1..1
ok 1 - example 1
 
===> 169/1/steve-g-lynn.raku <===
(4 6 9 10 14 15 21 25 35 49 121 143 169 187 209 221 247 253 289 299)
 
===> 169/1/ulrich-rieke.raku <===
4,6,9,10,14,15,21,25,35,49,121,143,169,187,209,221,247,253,289,299
 
===> 169/1/wambash.raku <===
ok 1 - 
ok 2 - 
ok 3 - 
1..3
