 
===> 177/2/adam-russell.pl <===
101, 16061, 31013, 35053, 38083, 73037, 74047, 91019, 94049, 1120211, 1150511, 1160611, 1180811, 1190911, 1250521, 1280821, 1360631, 1390931, 1490941, 1520251
 
===> 177/2/athanasius.pl <===
The first 20 palindromic prime cyclops numbers:
    101,   16061,   31013,   35053,   38083,   73037,   74047,   91019,
  94049, 1120211, 1150511, 1160611, 1180811, 1190911, 1250521, 1280821,
1360631, 1390931, 1490941, 1520251
 
===> 177/2/aut0exec.pl <===
101 is a palindromic prime cyclops number!
16061 is a palindromic prime cyclops number!
31013 is a palindromic prime cyclops number!
35053 is a palindromic prime cyclops number!
38083 is a palindromic prime cyclops number!
73037 is a palindromic prime cyclops number!
74047 is a palindromic prime cyclops number!
91019 is a palindromic prime cyclops number!
94049 is a palindromic prime cyclops number!
1120211 is a palindromic prime cyclops number!
1150511 is a palindromic prime cyclops number!
1160611 is a palindromic prime cyclops number!
1180811 is a palindromic prime cyclops number!
1190911 is a palindromic prime cyclops number!
1250521 is a palindromic prime cyclops number!
1280821 is a palindromic prime cyclops number!
1360631 is a palindromic prime cyclops number!
1390931 is a palindromic prime cyclops number!
1490941 is a palindromic prime cyclops number!
1520251 is a palindromic prime cyclops number!
1550551 is a palindromic prime cyclops number!
1580851 is a palindromic prime cyclops number!
 
===> 177/2/cheok-yin-fung.pl <===
101
16061
31013
35053
38083
73037
74047
91019
94049
1120211
1150511
1160611
1180811
1190911
1250521
1280821
1360631
1390931
1490941
1520251
 
===> 177/2/colin-crain.pl <===
101
16061
31013
35053
38083
73037
74047
91019
94049
1120211
1150511
1160611
1180811
1190911
1250521
1280821
1300031
1360631
1390931
1490941
1520251
1550551
1580851
1600061
1630361
1640461
1660661
1670761
1730371
1820281
1880881
1930391
1970791
3140413
3160613
3260623
3310133
3380833
3400043
3460643
3470743
3590953
3670763
3680863
3970793
7100017
7190917
7250527
7300037
7310137
7540457
7600067
7630367
7690967
7750577
7820287
7850587
7930397
7960697
9110119
9200029
9230329
9280829
9320239
9400049
9440449
9470749
9610169
9620269
9650569
9670769
9700079
9770779
9820289
9980899
100404001
100707001
102202201
102707201
102808201
103000301
103303301
103909301
104000401
105202501
106909601
107000701
108101801
108505801
108707801
109000901
109101901
109404901
109909901
110505011
110909011
114808411
115000511
115404511
116000611
116505611
117101711
117505711
118909811
119202911
120808021
124000421
124101421
125000521
125505521
125606521
126101621
126202621
127909721
128202821
129202921
130606031
133909331
134505431
134808431
134909431
135101531
135707531
136303631
136909631
137606731
137808731
139606931
140000041
140303041
140505041
140606041
142000241
142707241
143303341
144202441
144404441
144505441
144707441
144808441
146505641
146909641
147707741
148707841
149000941
149909941
150202051
150505051
150808051
152505251
153404351
153808351
154303451
155808551
156707651
157101751
158808851
158909851
159202951
159404951
159808951
160101061
160707061
162404261
162707261
163101361
163606361
164000461
165101561
165808561
166000661
166404661
167000761
168404861
168505861
169606961
170303071
170606071
170909071
172909271
173000371
175000571
175101571
175909571
177202771
177707771
178101871
179808971
179909971
180101081
182202281
184303481
184606481
186101681
186505681
187101781
187404781
187909781
188303881
188505881
190000091
190101091
190404091
190909091
192101291
192202291
192404291
193000391
193303391
194000491
194303491
194505491
194606491
195202591
195505591
195707591
196000691
197202791
197606791
198707891
199909991
300101003
300808003
302202203
302303203
302909203
304404403
304909403
306101603
307101703
307404703
308808803
310606013
310707013
312505213
314303413
315808513
316000613
316707613
317202713
317303713
317808713
318707813
318808813
319404913
319606913
319909913
320606023
321404123
322606223
322707223
324101423
324202423
326202623
326303623
327505723
328000823
328606823
329808923
330101033
330404033
330707033
331000133
331404133
332000233
334707433
334909433
335202533
335606533
337000733
340707043
342202243
342505243
342808243
347202743
349303943
350808053
351202153
352909253
354101453
355000553
355707553
355909553
356000653
357202753
357808753
358101853
358303853
358404853
361000163
361101163
362808263
364404463
365505563
365808563
368000863
368606863
369101963
370606073
371202173
371606173
376404673
377000773
378505873
379404973
380202083
380303083
380808083
381202183
382909283
385101583
385606583
386303683
388909883
391000193
394000493
395202593
395303593
396202693
396505693
396808693
397909793
399707993
700404007
701000107
701606107
703000307
704606407
704808407
706909607
708707807
710303017
711202117
712000217
714404417
714707417
715909517
718000817
718909817
720101027
720202027
721404127
722303227
723202327
723404327
724606427
725606527
726101627
726505627
728808827
728909827
729202927
729808927
731303137
731606137
731909137
732404237
733404337
735101537
735202537
736000637
736707637
738505837
739000937
739606937
742101247
742606247
742707247
745000547
745303547
746202647
746505647
746606647
748404847
749505947
750707057
751707157
752202257
753404357
754101457
754404457
755000557
758202857
758505857
758606857
758808857
758909857
759202957
759404957
759808957
760909067
761000167
763303367
763707367
764303467
765101567
765404567
765505567
766303667
768404867
769606967
771404177
771707177
772101277
772303277
772707277
773000377
773505377
773606377
774707477
774808477
775101577
776505677
776808677
780505087
780707087
781606187
782000287
782303287
782606287
782808287
785909587
788808887
789202987
790000097
790303097
791606197
791909197
792202297
793404397
793606397
794000497
794909497
796707697
900505009
900808009
901606109
904101409
905808509
907000709
908000809
908808809
911202119
911303119
912707219
912808219
913404319
914505419
914909419
915101519
916000619
917000719
918202819
918404819
921202129
922303229
922606229
925909529
926000629
926303629
927404729
928101829
928303829
930505039
932000239
932606239
933101339
934101439
936202639
936404639
938505839
938808839
941202149
941808149
942404249
943909349
945707549
946101649
946303649
947202749
947505749
952909259
955606559
956303659
956505659
961000169
961303169
962606269
964909469
965909569
967303769
968606869
970707079
971505179
971606179
972808279
973404379
973707379
974505479
974808479
976000679
976606679
977000779
977606779
977808779
980202089
980606089
980909089
982909289
983909389
985101589
986000689
986909689
987101789
987202789
987505789
988000889
990707099
991909199
993808399
994707499
995303599
996101699
996808699
997909799
998202899
 
===> 177/2/e-choroba.pl <===
# Seeded srand with seed '1' from import arg.
1..1
ok 1
 
===> 177/2/jaldhar-h-vyas.pl <===
101, 16061, 31013, 35053, 38083, 73037, 74047, 91019, 94049, 1120211, 1150511, 1160611, 1180811, 1190911, 1250521, 1280821, 1300031, 1360631, 1390931, 1490941, 1520251
 
===> 177/2/james-smith.pl <===
101
16061
31013
35053
38083
73037
74047
91019
94049
1120211
1150511
1160611
1180811
1190911
1250521
1280821
1360631
1390931
1490941
1520251
101
16061
31013
35053
38083
73037
74047
91019
94049
1120211
1150511
1160611
1180811
1190911
1250521
1280821
1360631
1390931
1490941
1520251
 
===> 177/2/kjetillll.pl <===
101
16061
31013
35053
38083
73037
74047
91019
94049
1120211
1150511
1160611
1180811
1190911
1250521
1280821
1360631
1390931
1490941
1520251
 
===> 177/2/laurent-rosenfeld.pl <===
101 16061 31013 35053 38083 73037 74047 91019 94049 1120211 1150511 1160611 1180811 1190911 1250521 1280821 1360631 1390931 1490941 1520251  
===> 177/2/mattneleigh.pl <===

The first 20 palindromic prime cyclops numbers are:

101, 16061, 31013, 35053, 38083, 73037, 74047, 91019, 94049, 1120211, 1150511, 1160611, 1180811, 1190911, 1250521, 1280821, 1360631, 1390931, 1490941, 1520251

 
===> 177/2/mohammad-anwar.pl <===
# Seeded srand with seed '1' from import arg.
ok 1
1..1
 
===> 177/2/peter-campbell-smith.pl <===
101, 16061, 31013, 35053, 38083, 73037, 74047, 
91019, 94049, 1120211, 1150511, 1160611, 1180811, 1190911, 
1250521, 1280821, 1360631, 1390931, 1490941, 1520251
 
===> 177/2/polettix.pl <===
101
16061
31013
35053
38083
73037
74047
91019
94049
1120211
1150511
1160611
1180811
1190911
1250521
1280821
1360631
1390931
1490941
1520251
 
===> 177/2/robert-dicicco.pl <===
101 16061 31013 35053 38083 73037 74047 91019 94049 1120211 1150511 1160611 1180811 1190911 1250521 1280821 1300031 1360631 1390931 1490941 1520251 
 
===> 177/2/roger-bell-west.pl <===
1..1
ok 1 - example 1
 
===> 177/2/sgreen.pl <===
101, 16061, 31013, 35053, 38083, 73037, 74047, 91019, 94049, 1120211, 1150511, 1160611, 1180811, 1190911, 1250521, 1280821, 1360631, 1390931, 1490941, 1520251
 
===> 177/2/steve-g-lynn.pl <===
101 16061 31013 35053 38083 73037 74047 91019 94049 1120211 1150511 1160611 1180811 1190911 1250521 1280821 1360631 1390931 1490941 1520251
 
===> 177/2/ulrich-rieke.pl <===
101,16061,31013,35053,38083,73037,74047,91019,94049,1120211,1150511,1160611,1180811,1190911,1250521,1280821,1360631,1390931,1490941,1520251
 
===> 177/2/walt-mankowski.pl <===
101
16061
31013
35053
38083
73037
74047
91019
94049
1120211
1150511
1160611
1180811
1190911
1250521
1280821
1360631
1390931
1490941
1520251
 
===> 177/2/wlmb.pl <===
101 16061 31013 35053 38083 73037 74047 91019 94049 1120211 1150511 1160611 1180811 1190911 1250521 1280821 1360631 1390931 1490941 1520251 