 
===> 177/2/0rir.raku <===
Output
101, 16061, 31013, 35053, 38083, 73037, 74047, 91019, 94049, 1120211, 1150511, 1160611, 1180811, 1190911, 1250521, 1280821, 1360631, 1390931, 1490941, 1520251
 
===> 177/2/arne-sommer.raku <===
101, 16061, 31013, 35053, 38083, 73037, 74047, 91019, 94049, 1120211, 1150511, 1160611, 1180811, 1190911, 1250521, 1280821, 1360631, 1390931, 1490941, 1520251
 
===> 177/2/athanasius.raku <===
The first 20 palindromic prime cyclops numbers:
    101,   16061,   31013,   35053,   38083,   73037,   74047,   91019,
  94049, 1120211, 1150511, 1160611, 1180811, 1190911, 1250521, 1280821,
1360631, 1390931, 1490941, 1520251
 
===> 177/2/bruce-gray.raku <===
101, 16061, 31013, 35053, 38083, 73037, 74047, 91019, 94049, 1120211, 1150511, 1160611, 1180811, 1190911, 1250521, 1280821, 1360631, 1390931, 1490941, 1520251
 
===> 177/2/cheok-yin-fung.raku <===
101
16061
31013
35053
38083
73037
74047
91019
94049
1120211
1150511
1160611
1180811
1190911
1250521
1280821
1360631
1390931
1490941
1520251
 
===> 177/2/jaldhar-h-vyas.raku <===
101, 16061, 31013, 35053, 38083, 73037, 74047, 91019, 94049, 1120211, 1150511, 1160611, 1180811, 1190911, 1250521, 1280821, 1300031, 1360631, 1390931, 1490941, 1520251
 
===> 177/2/laurent-rosenfeld.raku <===
101 16061 31013 35053 38083 73037 74047 91019 94049 1120211 1150511 1160611 1180811 1190911 1250521 1280821 1360631 1390931 1490941 1520251 
 
===> 177/2/luca-ferrari.raku <===
101
202
303
404
505
606
707
808
909
10001
11011
12021
13031
14041
15051
16061
17071
18081
19091
20002
21012
 
===> 177/2/mark-anderson.raku <===
ok 1 - 
not ok 2 - 
 
===> 177/2/massa.raku <===
101, 16061, 31013, 35053, 38083, 73037, 74047, 91019, 94049, 1120211, 1150511, 1160611, 1180811, 1190911, 1250521, 1280821, 1360631, 1390931, 1490941, 1520251
 
===> 177/2/mohammad-anwar.raku <===
ok 1 - 
1..1
 
===> 177/2/polettix.raku <===
101
16061
31013
35053
38083
73037
74047
91019
94049
1120211
1150511
1160611
1180811
1190911
1250521
1280821
1360631
1390931
1490941
1520251
 
===> 177/2/robert-dicicco.raku <===
101 16061 31013 35053 38083 73037 74047 91019 94049 1120211 1150511 1160611 1180811 1190911 1250521 1280821 1300031 1360631 1390931 1490941 1520251 
 
===> 177/2/roger-bell-west.raku <===
1..1
ok 1 - example 1
 
===> 177/2/simon-proctor.raku <===
101
16061
31013
35053
38083
73037
74047
91019
94049
1120211
1150511
1160611
1180811
1190911
1250521
1280821
1360631
1390931
1490941
1520251
 
===> 177/2/ulrich-rieke.raku <===
101,16061,31013,35053,38083,73037,74047,91019,94049,1120211,1150511,1160611,1180811,1190911,1250521,1280821,1360631,1390931,1490941,1520251
 
===> 177/2/wambash.raku <===
101 16061 31013 35053 38083 73037 74047 91019 94049 1120211 1150511 1160611 1180811 1190911 1250521 1280821 1360631 1390931 1490941 1520251
 
===> 177/2/wlmb.raku <===
101 16061 31013 35053 38083 73037 74047 91019 94049 1120211 1150511 1160611 1180811 1190911 1250521 1280821 1360631 1390931 1490941 1520251 
