 
===> 158/2/alexander-pankoff.pl <===
7, 19, 37, 61, 127, 271, 331, 397, 547, 631, 919
 
===> 158/2/arne-sommer.pl <===
7, 19, 37, 61, 127, 271, 331, 397, 547, 631, 919
 
===> 158/2/athanasius.pl <===
The 11 first-series Cuban Primes <= 1000:

 7, 19, 37, 61, 127, 271, 331, 397, 547, 631, 919
 
===> 158/2/bruce-gray.pl <===
7, 19, 37, 61, 127, 271, 331, 397, 547, 631, 919
 
===> 158/2/colin-crain.pl <===
series | sequence
-------+------------------------------------------
    1  | 7 19 37 61 127 271 331 397 547 631 919
    2  | 13 109 193 433 769
    3  | 
    4  | 31 79 151 367
    5  | 43 67 97 223 277 337 727 823
    6  | 
    7  | 73 103 139 181 229 283 409 643 733 829
    8  | 163 379 523 691 883
    9  | 
   10  | 457 613 997


 
===> 158/2/dave-jacoby.pl <===
7, 19, 37, 61, 127, 271, 331, 397, 547, 631, 919
 
===> 158/2/deadmarshal.pl <===
7 19 37 61 127 271 331 397 547 631 919  
===> 158/2/e-choroba.pl <===
1..1
ok 1 - Example
 
===> 158/2/james-smith.pl <===

First series
7
19
37
61
127
271
331
397
547
631
919

Second series
13
109
193
433
769

 
===> 158/2/laurent-rosenfeld.pl <===
7, 19, 37, 61, 127, 271, 331, 397, 547, 631, 919,  
 
===> 158/2/lubos-kolouch.pl <===
ok 1
1..1
 
===> 158/2/paulo-custodio.pl <===
7, 19, 37, 61, 127, 271, 331, 397, 547, 631, 919
 
===> 158/2/peter-campbell-smith.pl <===
The terms of the first Cuban series <= 1000 are:
7, 19, 37, 61, 127, 271, 331, 397, 547, 631, 919.
 
===> 158/2/pokgopun.pl <===
7, 19, 37, 61, 127, 271, 331, 397, 547, 631, 919
 
===> 158/2/polettix.pl <===
7, 19, 37, 61, 127, 271, 331, 397, 547, 631, 919.
 
===> 158/2/robert-dicicco.pl <===
7 19 37 61 127 271 331 397 547 631 919 
 
===> 158/2/sgreen.pl <===
7, 19, 37, 61, 127, 271, 331, 397, 547, 631, 919
 
===> 158/2/wlmb.pl <===
The cuban primes up to 1000 are 7, 19, 37, 61, 127, 271, 331, 397, 547, 631, 919
