 
===> 158/2/0rir.raku <===
7, 19, 37, 61, 127, 271, 331, 397, 547, 631, 919.
 
===> 158/2/2colours.raku <===
7, 19, 37, 61, 127, 271, 331, 397, 547, 631, 919
 
===> 158/2/arne-sommer.raku <===
7, 19, 37, 61, 127, 271, 331, 397, 547, 631, 919
 
===> 158/2/athanasius.raku <===
The 11 first-series Cuban Primes <= 1000:

 7, 19, 37, 61, 127, 271, 331, 397, 547, 631, 919
 
===> 158/2/laurent-rosenfeld.raku <===
7, 19, 37, 61, 127, 271, 331, 397, 547, 631, 919,  
 
===> 158/2/luca-ferrari.raku <===
...
 
===> 158/2/mark-anderson.raku <===
(7 19 37 61 127 271 331 397 547 631 919)
 
===> 158/2/polettix.raku <===
7, 19, 37, 61, 127, 271, 331, 397, 547, 631, 919.
 
===> 158/2/robert-dicicco.raku <===
[7 19 37 61 127 271 331 397 547 631 919]
 
===> 158/2/roger-bell-west.raku <===
1..1
ok 1 - example 1
 
===> 158/2/ulrich-rieke.raku <===
7,19,37,61,127,271,331,397,547,631,919
 
===> 158/2/wambash.raku <===
7 19 37 61 127 271 331 397 547 631 919
