 
===> 013/2/adam-russell.pl <===
0	M: 0	F: 1
1	M: 0	F: 1
2	M: 1	F: 2
3	M: 2	F: 2
4	M: 2	F: 3
5	M: 3	F: 3
6	M: 4	F: 4
7	M: 4	F: 5
8	M: 5	F: 5
9	M: 6	F: 6
10	M: 6	F: 6
11	M: 7	F: 7
12	M: 7	F: 8
13	M: 8	F: 8
14	M: 9	F: 9
15	M: 9	F: 9
16	M: 10	F: 10
17	M: 11	F: 11
18	M: 11	F: 11
19	M: 12	F: 12
20	M: 12	F: 13
21	M: 13	F: 13
22	M: 14	F: 14
23	M: 14	F: 14
24	M: 15	F: 15
25	M: 16	F: 16
 
===> 013/2/andrezgz.pl <===
F: 1,1,2,2,3,3,4,5,5,6,6,7,8,8,9,9,10,11,11,12,13
M: 0,0,1,2,2,3,4,4,5,6,6,7,7,8,9,9,10,11,11,12,12
 
===> 013/2/athanasius.pl <===

F(0..20): 1, 1, 2, 2, 3, 3, 4, 5, 5, 6, 6, 7, 8, 8, 9, 9, 10, 11, 11, 12, 13

M(0..20): 0, 0, 1, 2, 2, 3, 4, 4, 5, 6, 6, 7, 7, 8, 9, 9, 10, 11, 11, 12, 12
 
===> 013/2/daniel-mantovani.pl <===
F: 1, 1, 2, 2, 3, 3, 4, 5, 5, 6, 6, 7, 8, 8, 9, 9, 10, 11, 11, 12, ...
M: 0, 0, 1, 2, 2, 3, 4, 4, 5, 6, 6, 7, 7, 8, 9, 9, 10, 11, 11, 12, ...
 
===> 013/2/dave-jacoby.pl <===
 f( 0 ) = 1 	 m( 0 ) = 0 
 f( 1 ) = 1 	 m( 1 ) = 0 
 f( 2 ) = 2 	 m( 2 ) = 1 
 f( 3 ) = 2 	 m( 3 ) = 2 
 f( 4 ) = 3 	 m( 4 ) = 2 
 f( 5 ) = 3 	 m( 5 ) = 3 
 f( 6 ) = 4 	 m( 6 ) = 4 
 f( 7 ) = 5 	 m( 7 ) = 4 
 f( 8 ) = 5 	 m( 8 ) = 5 
 f( 9 ) = 6 	 m( 9 ) = 6 
 f( 10 ) = 6 	 m( 10 ) = 6 
 f( 11 ) = 7 	 m( 11 ) = 7 
 f( 12 ) = 8 	 m( 12 ) = 7 
 f( 13 ) = 8 	 m( 13 ) = 8 
 f( 14 ) = 9 	 m( 14 ) = 9 
 f( 15 ) = 9 	 m( 15 ) = 9 
 f( 16 ) = 10 	 m( 16 ) = 10 
 f( 17 ) = 11 	 m( 17 ) = 11 
 f( 18 ) = 11 	 m( 18 ) = 11 
 f( 19 ) = 12 	 m( 19 ) = 12 
 
===> 013/2/e-choroba.pl <===
ok 1
ok 2
1..2
 
===> 013/2/feng-chang.pl <===
1 1 2 2 3 3 4 5 5 6 6 7 8 8 9 9 10 11 11 
0 0 1 2 2 3 4 4 5 6 6 7 7 8 9 9 10 11 11 
 
===> 013/2/guillermo-ramos.pl <===
M	F
-	-
0	1
0	1
1	2
2	2
2	3
3	3
4	4
4	5
5	5
6	6
6	6
7	7
7	8
8	8
9	9
9	9
10	10
11	11
11	11
12	12
 
===> 013/2/gustavo-chaves.pl <===
F: 1 1 2 2 3 3 4 5 5 6 6 7 8 8 9 9 10 11 11 12
M: 0 0 1 2 2 3 4 4 5 6 6 7 7 8 9 9 10 11 11 12
 
===> 013/2/jaldhar-h-vyas.pl <===
Female: 1, 1, 2, 2, 3, 3, 4, 5, 5, 6, 6, 7, 8, 8, 9, 9, 10, 11, 11, 12, 13
Male:   0, 0, 1, 2, 2, 3, 4, 4, 5, 6, 6, 7, 7, 8, 9, 9, 10, 11, 11, 12, 12
 
===> 013/2/joelle-maslak.pl <===
F: 1 1 2 2 3 3 4 5 5 6 6 7 8 8 9 9 10 11 11 12
M: 0 0 1 2 2 3 4 4 5 6 6 7 7 8 9 9 10 11 11 12
 
===> 013/2/laurent-rosenfeld.pl <===
Female sequence: 
1 1 2 2 3 3 4 5 5 6 6 7 8 8 9 9 10 11 11 12 
Male sequence:
0 0 1 2 2 3 4 4 5 6 6 7 7 8 9 9 10 11 11 12 
 
===> 013/2/lubos-kolouch.pl <===
F : 1,1,2,2,3,3,4,5,5,6,6,7,8,8,9,9,10,11,11
M : 0,0,1,2,2,3,4,4,5,6,6,7,7,8,9,9,10,11,11
 
===> 013/2/maxim-nechaev.pl <===
61
63
 
===> 013/2/ruben-westerberg.pl <===
  Male sequence: 0, 0, 1, 2, 2, 3, 4, 4, 5, 6, 6, 7, 7, 8, 9, 9, 10, 11, 11, 12
Femail sequence: 1, 1, 2, 2, 3, 3, 4, 5, 5, 6, 6, 7, 8, 8, 9, 9, 10, 11, 11, 12
 
===> 013/2/yozen-hernandez.pl <===
F: 1, 1, 2, 2, 3, 3, 4, 5, 5, 6, 6, 7, 8, 8, 9, 9, 10, 11, 11, 12
M: 0, 0, 1, 2, 2, 3, 4, 4, 5, 6, 6, 7, 7, 8, 9, 9, 10, 11, 11, 12
