 
===> 013/2/arne-sommer.raku <===
   0  1  2  3  4  5  6  7  8  9 10 11 12 13 14 15 16 17 18
F: 1  1  2  2  3  3  4  5  5  6  6  7  8  8  9  9 10 11 11
M: 0  0  1  2  2  3  4  4  5  6  6  7  7  8  9  9 10 11 11
 
===> 013/2/athanasius.raku <===

F(0..20): 1, 1, 2, 2, 3, 3, 4, 5, 5, 6, 6, 7, 8, 8, 9, 9, 10, 11, 11, 12, 13

M(0..20): 0, 0, 1, 2, 2, 3, 4, 4, 5, 6, 6, 7, 7, 8, 9, 9, 10, 11, 11, 12, 12
 
===> 013/2/feng-chang.raku <===
(1 1 2 2 3 3 4 5 5 6 6 7 8 8 9 9 10 11 11 12)
(0 0 1 2 2 3 4 4 5 6 6 7 7 8 9 9 10 11 11 12)
 
===> 013/2/fjwhittle.raku <===
F: 1 1 2 2 3 3 4 5 5 6 6 7 8 8 9 9 10 11 11 12
M: 0 0 1 2 2 3 4 4 5 6 6 7 7 8 9 9 10 11 11 12
 
===> 013/2/jaldhar-h-vyas.raku <===
Female: 1, 1, 2, 2, 3, 3, 4, 5, 5, 6, 6, 7, 8, 8, 9, 9, 10, 11, 11, 12, 13
Male:   0, 0, 1, 2, 2, 3, 4, 4, 5, 6, 6, 7, 7, 8, 9, 9, 10, 11, 11, 12, 12
 
===> 013/2/joelle-maslak.raku <===
F: 1 1 2 2 3 3 4 5 5 6 6 7 8 8 9 9 10 11 11 12
M: 0 0 1 2 2 3 4 4 5 6 6 7 7 8 9 9 10 11 11 12
 
===> 013/2/kevin-colyer.raku <===
ok 1 - Hofstadter Female sequence
ok 2 - Hofstadter Male sequence
 
===> 013/2/laurent-rosenfeld.raku <===
Female sequence:
1 1 2 2 3 3 4 5 5 6 6 7 8 8 9 9 10 11 11 12 13 
Male sequence:
0 0 1 2 2 3 4 4 5 6 6 7 7 8 9 9 10 11 11 12 12  
===> 013/2/ozzy.raku <===
Male   sequence: (0 0 1 2 2 3 4 4 5 6 6 7 7 8 9 9 10 11 11 12)
Female sequence: (1 1 2 2 3 3 4 5 5 6 6 7 8 8 9 9 10 11 11 12)
 
===> 013/2/ruben-westerberg.raku <===
  Male sequence: 0, 0, 1, 2, 2, 3, 4, 4, 5, 6, 6, 7, 7, 8, 9, 9, 10, 11, 11, 12
Female sequence: 1, 1, 2, 2, 3, 3, 4, 5, 5, 6, 6, 7, 8, 8, 9, 9, 10, 11, 11, 12
 
===> 013/2/simon-proctor.raku <===
F : 1, 1, 2, 2, 3, 3, 4, 5, 5, 6, 6, 7, 8, 8, 9, 9, 10, 11, 11, 12
M : 0, 0, 1, 2, 2, 3, 4, 4, 5, 6, 6, 7, 7, 8, 9, 9, 10, 11, 11, 12
 
===> 013/2/stuart-little.raku <===
F: 12
M: 12
