 
===> 071/1/arne-sommer.pl <===
[ 42, 29, 50, 29, 48, 30, 41 ]
 
===> 071/1/athanasius.pl <===
Array: [ 2, 23, 42, 18, 30, 5, 14, 49, 39, 24, 9, 33, 17, 15, 48, 20, 35, 10, 43, 1 ]
Peak:  [ 42, 30, 49, 33, 48, 35, 43 ]
 
===> 071/1/bob-lied.pl <===
Array: 3,24,43,17,30,1,11,50,38,20,19,31,8,5,48,10,32,14,41,9
Peaks: 43,30,50,31,48,32,41
 
===> 071/1/cheok-yin-fung.pl <===
Array: [ 3, 23, 42, 17, 29, 1, 10, 50, 38, 19]
Peak: [ 42, 29, 50]
 
===> 071/1/colin-crain.pl <===
input array: 3 24 43 17 30 1 11 50 38 20
peak values: 43 30 50
 
===> 071/1/dave-jacoby.pl <===
Array: 3 23 42 17 29 1 10 50 38 19 18 7 4 48 8 30 11 41 32 47

Peak:  42 29 50 48 30 41 47

 
===> 071/1/e-choroba.pl <===
ok 1 - too large
ok 2 - exception
ok 3 - size
ok 4 - unique
ok 5 - empty array
ok 6 - single element
ok 7 - two elements, peak right
ok 8 - two elements, peak left
ok 9 - example 1
ok 10 - example 2
1..10
 
===> 071/1/jaldhar-h-vyas.pl <===
array: 3, 23, 42, 17, 29, 1, 10, 50, 38, 19, 18, 7, 4, 48, 8, 30, 11, 41, 32, 47
Peak: 42, 29, 50, 48, 30, 41, 47
 
===> 071/1/javier-luque.pl <===
Array: [2, 22, 41, 16, 28, 0, 9, 49, 37, 18, 17, 28, 6, 3, 47, 7, 29, 10, 40, 7]
Peak:  [41, 28, 49, 28, 47, 29, 40]
 
===> 071/1/jeongoon.pl <===
Array: [ 48, 2, 23, 41, 18, 9, 4, 25, 14, 5, 38, 12, 31, 17, 11, 30, 34, 49, 21, 40 ]
Peak:  [ 48, 41, 25, 38, 31, 49, 40 ] 
===> 071/1/jo-37.pl <===
Array: [40, 17, 11, 24, 36, 29, 12, 37, 13, 21]
Peak: [40, 36, 37, 21]
 
===> 071/1/laurent-rosenfeld.pl <===
Original list: 3 23 42 17 29 1 10 50 38 19 18 7 4 48 8 30 11 41 32 47
Peaks: 42 29 50 48 30 41 47
 
===> 071/1/mohammad-anwar.pl <===
Array: [24, 42, 29, 41, 32, 18, 2, 4, 45, 5, 30, 50, 19, 8, 48, 47, 9, 12, 38, 11]
 Peak: [42, 41, 45, 50, 48, 38]
 
===> 071/1/perlboy1967.pl <===
Array: [3, 24, 43, 17, 30, 1, 11, 50, 38, 20, 19, 31, 8, 5, 48, 10, 32, 14, 41, 9]
Peak: [43, 30, 50, 31, 48, 32, 41]
 
===> 071/1/roger-bell-west.pl <===
1..2
ok 1 - peaks 1
ok 2 - peaks 2
 
===> 071/1/walt-mankowski.pl <===
Array: [40, 17, 11, 24, 36, 29, 12, 37, 13, 21, 33, 4, 10, 46, 34, 2, 28, 18, 31, 39]
Peak:  [40, 36, 37, 33, 46, 28, 39]
 
===> 071/1/wanderdoc.pl <===
40 17 11 24 36 29 12 37 13 21 33 4 10 46 34 2 28 18 31 39
40 36 37 33 46 28 39
