 
===> 071/1/arne-sommer.raku <===
[ 48, 49, 41, 50, 37, 37, 43 ]
 
===> 071/1/ash.raku <===
[36 20 10 16 48 0 48 46 47 46 19 17 14 25 5 38 32 7 18 6]
[48 48 47 25 38 18]
 
===> 071/1/athanasius.raku <===
Array: [ 37, 21, 10, 16, 45, 1, 43, 41, 40, 39, 47, 14, 12, 19, 5, 27, 23, 6, 13, 36 ]
Peak:  [ 37, 45, 43, 47, 19, 27, 36 ]
 
===> 071/1/ben-davies.raku <===
Array: [20 16 19 17 6 9 19 19 5 18]
Peak:  [20 19 18]
 
===> 071/1/colin-crain.raku <===
input array: 25 48 19 49 38 30 22 41 37 50
peak values: 48 49 41 50
 
===> 071/1/jaldhar-h-vyas.raku <===
array: 37, 21, 10, 16, 45, 1, 43, 41, 40, 39, 47, 14, 12, 19, 5, 27, 23, 6, 13, 36
Peak: 37, 45, 43, 47, 19, 27, 36
 
===> 071/1/javier-luque.raku <===
Array: [36, 20, 10, 16, 48, 0, 48, 46, 47, 46]
Peak:  [36, 48, 48, 47]
 
===> 071/1/jeongoon.raku <===
Array: [50, 40, 3, 4, 18, 30, 35, 21]
Peak: [50, 35]
 
===> 071/1/laurent-rosenfeld.raku <===
[37 21 10 16 45 1 43 41 40 39 47 14 12 19 5 27 23 6 13 36]
[37 45 43 47 19 27 36]
 
===> 071/1/luca-ferrari.raku <===
Array: 36 21 11 17 48 1 47 46 20 18 15 25 6 38 33 8 19 7 35 40
Peak:  36 21 17 48 47 46 20 18 25 38 33 19 35 40
 
===> 071/1/mark-anderson.raku <===
Array: [37 21 10 16 45 1 43 41 40 39 47 14 12 19 5 27 23 6 13 36]

Peaks: [37 45 43 47 19 27 36]
 
===> 071/1/mohammad-anwar.raku <===
Array: [24, 47, 36, 48, 37, 49, 18, 29, 40, 21]
 Peak: [47, 48, 49, 40]
 
===> 071/1/noud.raku <===
[25 48 19 49 38 30 22 41 37 50]
[48 49 41 50]
 
===> 071/1/roger-bell-west.raku <===
1..2
ok 1 - peaks 1
ok 2 - peaks 2
 
===> 071/1/simon-proctor.raku <===
List  : 25,48,19,49,38,30,22,41,37,50
Peaks : 48,49,41,50
 
===> 071/1/stuart-little.raku <===
Initial array: [25 48 19 49 38 30 22 41 37 50]
Peaks: (48 49 41 50)
 
===> 071/1/ulrich-rieke.raku <===
[37 21 10 16 45 1 43 41 40 39 47 14 12 19 5 27 23 6 13 36]
[37 45 43 47 19 27 36]
