 
===> 071/1/arne-sommer.raku <===
[ 36, 34, 49, 47, 18, 45, 49, 17 ]
 
===> 071/1/ash.raku <===
[25 32 15 37 38 23 13 23 43 35 12 13 18 14 29 35 49 20 18 21]
[32 38 43 18 49]
 
===> 071/1/athanasius.raku <===
Array: [ 2, 40, 31, 7, 26, 49, 14, 25, 39, 47, 43, 3, 45, 37, 22, 29, 33, 50, 9, 30 ]
Peak:  [ 40, 49, 47, 45, 50, 30 ]
 
===> 071/1/ben-davies.raku <===
Array: [9 9 20 10 9 17 16 6 10 6]
Peak:  [20 17 10]
 
===> 071/1/colin-crain.raku <===
input array: 27 42 26 39 19 24 17 8 33 2
peak values: 42 39 24 33
 
===> 071/1/jaldhar-h-vyas.raku <===
array: 25, 44, 26, 28, 43, 35, 1, 20, 48, 21, 9, 15, 22, 14, 2, 19, 18, 49, 17, 47
Peak: 44, 43, 48, 22, 19, 49, 47
 
===> 071/1/javier-luque.raku <===
Array: [22, 34, 14, 39, 4, 36, 7, 45, 26, 47]
Peak:  [34, 39, 36, 45, 26]
 
===> 071/1/jeongoon.raku <===
Array: [42, 40, 6, 44, 5, 3, 38, 36]
Peak: [42, 44, 38]
 
===> 071/1/laurent-rosenfeld.raku <===
[22 29 17 23 21 14 10 48 28 38 45 6 3 31 4 11 16 35 19 44]
[29 23 48 45 31 35 44]
 
===> 071/1/luca-ferrari.raku <===
Array: 31 46 4 33 49 29 40 47 2 13 6 7 22 36 3 21 15 42 10 34
Peak:  46 33 49 40 47 13 7 22 36 21 42 34
 
===> 071/1/mark-anderson.raku <===
Array: [31 50 43 27 10 47 36 15 28 34 16 9 17 22 13 38 48 46 8 44]

Peaks: [50 47 34 22 48 44]
 
===> 071/1/mohammad-anwar.raku <===
Array: [42, 12, 50, 24, 19, 2, 8, 38, 45, 11, 4, 41, 29, 32, 5, 30, 48, 47, 9, 18]
 Peak: [42, 50, 45, 41, 32, 48, 18]
 
===> 071/1/noud.raku <===
[8 41 20 26 15 16 3 45 35 10]
[41 26 16 45]
 
===> 071/1/roger-bell-west.raku <===
1..2
ok 1 - peaks 1
ok 2 - peaks 2
 
===> 071/1/simon-proctor.raku <===
List  : 32,36,16,44,34,6,25,30,18,8
Peaks : 36,44,30
 
===> 071/1/stuart-little.raku <===
Initial array: [46 42 15 45 43 14 20 36 29 35]
Peaks: (46 45 36 35)
 
===> 071/1/ulrich-rieke.raku <===
[3 15 39 5 34 7 41 23 40 19 8 30 50 46 43 37 10 2 25 4]
[39 34 41 40 50 25]
