 
===> 078/2/abigail.pl <===
40 50 10 20 30
50 10 20 30 40
 
===> 078/2/adam-russell.pl <===
@A = (10,20,30,40,50)
@B = (3,4)
Rotations:
	[40,50,10,20,30]
	[50,10,20,30,40]
@A = (7,4,2,6,3)
@B = (1,3,4)
Rotations:
	[4,2,6,3,7]
	[6,3,7,4,2]
	[3,7,4,2,6]
 
===> 078/2/alexander-pankoff.pl <===
[40, 50, 10, 20, 30]
[50, 10, 20, 30, 40]
 
===> 078/2/andinus.pl <===
40, 50, 10, 20, 30
50, 10, 20, 30, 40
 
===> 078/2/anton-fedotov.pl <===
4 2 6 3 7
6 3 7 4 2
3 7 4 2 6
 
===> 078/2/arne-sommer.pl <===
[40 50 10 20 30]
[50 10 20 30 40]
 
===> 078/2/athanasius.pl <===
Input:
    @A = (10 20 30 40 50)
    @B = (3 4)

Output:
    [40 50 10 20 30]
    [50 10 20 30 40]
 
===> 078/2/bob-lied.pl <===
[ 40 50 10 20 30 ]
[ 50 10 20 30 40 ]
 
===> 078/2/cheok-yin-fung.pl <===
original list: 
10 20 30 40 50 
 -------------- 
@B: 3 4
40 50 10 20 30 
50 10 20 30 40 
 
===> 078/2/colin-crain.pl <===
array:      (7, 4, 2, 6, 3)
index list: (1, 3, 0, 4)

[4 2 6 3 7]
[6 3 7 4 2]
[7 4 2 6 3]
[3 7 4 2 6]
 
===> 078/2/dave-jacoby.pl <===
[40 50 10 20 30]
[50 10 20 30 40]

[4 2 6 3 7]
[6 3 7 4 2]
[3 7 4 2 6]

 
===> 078/2/e-choroba.pl <===
1..2
ok 1
ok 2
 
===> 078/2/jaldhar-h-vyas.pl <===
[40 50 10 20 30]
[50 10 20 30 40]
 
===> 078/2/james-smith.pl <===
  [40 50 10 20 30]
  [50 10 20 30 40]
  [4 2 6 3 7]
  [6 3 7 4 2]
  [3 7 4 2 6]
 
===> 078/2/jo-37.pl <===
# Seeded srand with seed '1' from import arg.
ok 1 - first example
ok 2 - second example
1..2
 
===> 078/2/juliodcs.pl <===
4, 2, 6, 3, 7
6, 3, 7, 4, 2
3, 7, 4, 2, 6
 
===> 078/2/laurent-rosenfeld.pl <===

Input array: 10 20 30 40 50 - Indices: 3 4
40 50 10 20 30
50 10 20 30 40

Input array: 7 4 2 6 3 - Indices: 1 3 4
4 2 6 3 7
6 3 7 4 2
3 7 4 2 6
 
===> 078/2/lubos-kolouch.pl <===
ok 1 - test 10, 20, 30, 40, 50
ok 2 - test 7, 4, 2, 6, 3
1..2
 
===> 078/2/markus-holzer.pl <===
40, 50, 10, 20, 30
40, 50, 10, 20, 30
40, 50, 10, 20, 30
10, 20, 30, 40, 50
 
===> 078/2/mohammad-anwar.pl <===
40, 50, 10, 20, 30
50, 10, 20, 30, 40
 
===> 078/2/nunovieira220.pl <===
4, 2, 6, 3, 7
6, 3, 7, 4, 2
3, 7, 4, 2, 6
 
===> 078/2/paulo-custodio.pl <===
[40 50 10 20 30]
[50 10 20 30 40]
 
===> 078/2/perlboy1967.pl <===
Input:
	@A = (7, 4, 2, 6, 3)
	@B = (1, 3, 4)
Output:
	[4 2 6 3 7]
	[6 3 7 4 2]
	[3 7 4 2 6]
 
===> 078/2/pete-houston.pl <===
[40 50 10 20 30]
[50 10 20 30 40]
 
===> 078/2/polettix.pl <===
[40, 50, 10, 20, 30]
[50, 10, 20, 30, 40]
[4, 2, 6, 3, 7]
[6, 3, 7, 4, 2]
[3, 7, 4, 2, 6]
 
===> 078/2/roger-bell-west.pl <===
1..2
ok 1 - example 1
ok 2 - example 2
 
===> 078/2/shawn-wagner.pl <===
[40 50 10 20 30]
[50 10 20 30 40]
---
[4 2 6 3 7]
[6 3 7 4 2]
[3 7 4 2 6]
---
 
===> 078/2/ulrich-rieke.pl <===
(40 50 10 20 30)
(50 10 20 30 40)
 
===> 078/2/walt-mankowski.pl <===
40 50 10 20 30
50 10 20 30 40
 
===> 078/2/wanderdoc.pl <===
ok 1 - Example 1
ok 2 - Example 2
1..2
