 
===> 078/2/arne-sommer.raku <===
[40 50 10 20 30]
[50 10 20 30 40]
 
===> 078/2/ash.raku <===
(40 50 10 20 30)
(50 10 20 30 40)
 
===> 078/2/athanasius.raku <===
Input:
    @A = (10 20 30 40 50)
    @B = (3 4)

Output:
    [40 50 10 20 30]
    [50 10 20 30 40]
 
===> 078/2/colin-crain.raku <===
array:       [7 4 2 6 3]
index list:  [1 3 0 4]
output:

(4 2 6 3 7)
(6 3 7 4 2)
[7 4 2 6 3]
(3 7 4 2 6)
 
===> 078/2/feng-chang.raku <===
(40 50 10 20 30)
(50 10 20 30 40)
================
(4 2 6 3 7)
(6 3 7 4 2)
(3 7 4 2 6)
 
===> 078/2/gugod.raku <===
(40 50 10 20 30)
(50 10 20 30 40)
 
===> 078/2/jaldhar-h-vyas.raku <===
(40 50 10 20 30)
(50 10 20 30 40)
 
===> 078/2/jason-messer.raku <===
(40 50 10 20 30)
(50 10 20 30 40)
(4 2 6 3 7)
(6 3 7 4 2)
(3 7 4 2 6)
 
===> 078/2/jeongoon.raku <===
(4 2 6 3 7)
(6 3 7 4 2)
(3 7 4 2 6)
 
===> 078/2/juliodcs.raku <===
(4 2 6 3 7)
(6 3 7 4 2)
(3 7 4 2 6)
 
===> 078/2/laurent-rosenfeld.raku <===
Input array: [10 20 30 40 50]
[40 50 10 20 30]
[50 10 20 30 40]
 
===> 078/2/mark-anderson.raku <===
[40 50 10 20 30]
[50 10 20 30 40]
[4 2 6 3 7]
[6 3 7 4 2]
[3 7 4 2 6]
 
===> 078/2/markus-holzer.raku <===
Builtin
40 50 10 20 30
40 50 10 20 30
40 50 10 20 30
10 20 30 40 50
10 20 30 40 50
Selfmade (multi)
40 50 10 20 30
40 50 10 20 30
40 50 10 20 30
10 20 30 40 50
10 20 30 40 50
Selfmade (concise)
40 50 10 20 30
40 50 10 20 30
40 50 10 20 30
10 20 30 40 50
10 20 30 40 50
In-Place
[40 50 10 20 30]
[40 50 10 20 30]
[40 50 10 20 30]
[10 20 30 40 50]
[10 20 30 40 50]
 
===> 078/2/mohammad-anwar.raku <===
40 50 10 20 30
50 10 20 30 40
 
===> 078/2/roger-bell-west.raku <===
1..2
ok 1 - example 1
ok 2 - example 2
 
===> 078/2/shahed-nooshmand.raku <===
(40 50 10 20 30)
(50 10 20 30 40)
 
===> 078/2/simon-proctor.raku <===
[40 50 10 20 30]
[50 10 20 30 40]
 
===> 078/2/stuart-little.raku <===
(40 50 10 20 30)
(50 10 20 30 40)
 
===> 078/2/ulrich-rieke.raku <===
(40 50 10 20 30)
(50 10 20 30 40)
 
===> 078/2/wambash.raku <===
ok 1 - 
ok 2 - 
1..2
