 
===> 171/1/0rir.raku <===
945, 1575, 2205, 2835, 3465, 4095, 4725, 5355, 5775, 5985, 6435, 6615, 6825, 7245, 7425, 7875, 8085, 8415, 8505, 8925
 
===> 171/1/2colours.raku <===
945, 1575, 2205, 2835, 3465, 4095, 4725, 5355, 5775, 5985, 6435, 6615, 6825, 7245, 7425, 7875, 8085, 8415, 8505, 8925
 
===> 171/1/arne-sommer.raku <===
945, 1575, 2205, 2835, 3465, 4095, 4725, 5355, 5775, 5985, 6435, 6615, 6825, 7245, 7425, 7875, 8085, 8415, 8505, 8925
 
===> 171/1/athanasius.raku <===
The first 20 abundant odd numbers:
945, 1575, 2205, 2835, 3465, 4095, 4725, 5355, 5775, 5985, 6435, 6615, 6825, 7245, 7425, 7875, 8085, 8415, 8505, 8925
 
===> 171/1/brtastic.raku <===
(945 1575 2205 2835 3465 4095 4725 5355 5775 5985 6435 6615 6825 7245 7425 7875 8085 8415 8505 8925)
 
===> 171/1/bruce-gray.raku <===
(945 1575 2205 2835 3465 4095 4725 5355 5775 5985 6435 6615 6825 7245 7425 7875 8085 8415 8505 8925)
 
===> 171/1/habere-et-dispetire.raku <===
945
 
===> 171/1/jaldhar-h-vyas.raku <===
945, 1575, 2205, 2835, 3465, 4095, 4725, 5355, 5775, 5985, 6435, 6615, 6825, 7245, 7425, 7875, 8085, 8415, 8505, 8925
 
===> 171/1/laurent-rosenfeld.raku <===
945
1575
2205
2835
3465
4095
4725
5355
5775
5985
6435
6615
6825
7245
7425
7875
8085
8415
8505
8925
 
===> 171/1/luca-ferrari.raku <===
945
1575
2205
2835
3465
4095
4725
5355
5775
5985
6435
6615
6825
7245
7425
7875
8085
8415
8505
8925
9135
 
===> 171/1/mark-anderson.raku <===
(945 1575 2205 2835 3465 4095 4725 5355 5775 5985 6435 6615 6825 7245 7425 7875 8085 8415 8505 8925)
 
===> 171/1/massa.raku <===
945
1575
2205
2835
3465
4095
4725
5355
5775
5985
6435
6615
6825
7245
7425
7875
8085
8415
8505
8925
 
===> 171/1/polettix.raku <===
945, 1575, 2205, 2835, 3465, 4095, 4725, 5355, 5775, 5985, 6435, 6615, 6825, 7245, 7425, 7875, 8085, 8415, 8505, 8925
 
===> 171/1/robert-dicicco.raku <===
945 1575 2205 2835 3465 4095 4725 5355 5775 5985 6435 6615 6825 7245 7425 7875 8085 8415 8505 8925  
===> 171/1/roger-bell-west.raku <===
1..1
ok 1 - example 1
 
===> 171/1/ryan-thompson.raku <===
945
1575
2205
2835
3465
4095
4725
5355
5775
5985
6435
6615
6825
7245
7425
7875
8085
8415
8505
8925
9135
9555
9765
 
===> 171/1/steve-g-lynn.raku <===
[945 1575 2205 2835 3465 4095 4725 5355 5775 5985 6435 6615 6825 7245 7425 7875 8085 8415 8505 8925]
 
===> 171/1/ulrich-rieke.raku <===
945,1575,2205,2835,3465,4095,4725,5355,5775,5985,6435,6615,6825,7245,7425,7875,8085,8415,8505,8925
 
===> 171/1/wambash.raku <===
12
18
20
24
30
36
40
42
48
54
56
60
66
70
72
78
80
84
88
90
