 
===> 086/2/abigail.pl <===
4 3 5 2 6 9 7 8 1
6 8 2 5 7 1 4 9 3
1 9 7 8 3 4 5 6 2
8 2 6 1 9 5 3 4 7
3 7 4 6 8 2 9 1 5
9 5 1 7 4 3 6 2 8
5 1 9 3 2 6 8 7 4
2 4 8 9 5 7 1 3 6
7 6 3 4 1 8 2 5 9
 
===> 086/2/alexander-pankoff.pl <===
[ 1 2 3 5 6 8 9 7 4 ]
[ 8 7 5 4 3 9 1 2 6 ]
[ 9 4 6 2 1 7 3 8 5 ]
[ 6 8 7 1 4 5 2 9 3 ]
[ 4 3 1 6 9 2 7 5 8 ]
[ 5 9 2 7 8 3 4 6 1 ]
[ 2 1 9 8 5 4 6 3 7 ]
[ 7 5 4 3 2 6 8 1 9 ]
[ 3 6 8 9 7 1 5 4 2 ]
 
===> 086/2/arne-sommer.pl <===
[4 3 5 2 6 9 7 8 1]
[6 8 2 5 7 1 4 9 3]
[1 9 7 8 3 4 5 6 2]
[8 2 6 1 9 5 3 4 7]
[3 7 4 6 8 2 9 1 5]
[9 5 1 7 4 3 6 2 8]
[5 1 9 3 2 6 8 7 4]
[2 4 8 9 5 7 1 3 6]
[7 6 3 4 1 8 2 5 9]
 
===> 086/2/athanasius.pl <===

Challenge 086, Task #2: Sudoku Puzzle (Perl)

Example:

 [ _ _ _ 2 6 _ 7 _ 1 ]
 [ 6 8 _ _ 7 _ _ 9 _ ]
 [ 1 9 _ _ _ 4 5 _ _ ]
 [ 8 2 _ 1 _ _ _ 4 _ ]
 [ _ _ 4 6 _ 2 9 _ _ ]
 [ _ 5 _ _ _ 3 _ 2 8 ]
 [ _ _ 9 3 _ _ _ 7 4 ]
 [ _ 4 _ _ 5 _ _ 3 6 ]
 [ 7 _ 3 _ 1 8 _ _ _ ]

Solution:

 [ 4 3 5 2 6 9 7 8 1 ]
 [ 6 8 2 5 7 1 4 9 3 ]
 [ 1 9 7 8 3 4 5 6 2 ]
 [ 8 2 6 1 9 5 3 4 7 ]
 [ 3 7 4 6 8 2 9 1 5 ]
 [ 9 5 1 7 4 3 6 2 8 ]
 [ 5 1 9 3 2 6 8 7 4 ]
 [ 2 4 8 9 5 7 1 3 6 ]
 [ 7 6 3 4 1 8 2 5 9 ]
 
===> 086/2/cheok-yin-fung.pl <===
4 3 5 2 6 9 7 8 1 
6 8 2 5 7 1 4 9 3 
1 9 7 8 3 4 5 6 2 
8 2 6 1 9 5 3 4 7 
3 7 4 6 8 2 9 1 5 
9 5 1 7 4 3 6 2 8 
5 1 9 3 2 6 8 7 4 
2 4 8 9 5 7 1 3 6 
7 6 3 4 1 8 2 5 9 

 
===> 086/2/colin-crain.pl <===
      2 6       1
6 8     7     9  
1 9       4      
8 2   1       4  
    4 6   2      
  5       3   2 8
    9 3       7 4
  4     5     3 6
7   3   1 8      

      2 6       1
6 8   5 7     9
1 9       4
8 2   1 9     4
    4 6   2
9 5       3   2 8
    9 3 2 6   7 4
2 4     5     3 6
7 6 3   1 8   5

      2 6 9   8 1
6 8 2 5 7 1   9
1 9   8   4
8 2   1 9     4
3   4 6 8 2   1
9 5     4 3   2 8
5 1 9 3 2 6   7 4
2 4     5     3 6
7 6 3   1 8   5

4     2 6 9   8 1
6 8 2 5 7 1   9 3
1 9   8 3 4   6
8 2   1 9     4
3 7 4 6 8 2   1
9 5   7 4 3   2 8
5 1 9 3 2 6 8 7 4
2 4 8   5 7   3 6
7 6 3   1 8   5

4 3   2 6 9   8 1
6 8 2 5 7 1 4 9 3
1 9   8 3 4   6
8 2 6 1 9 5   4
3 7 4 6 8 2   1
9 5   7 4 3 6 2 8
5 1 9 3 2 6 8 7 4
2 4 8 9 5 7   3 6
7 6 3   1 8   5

4 3   2 6 9   8 1
6 8 2 5 7 1 4 9 3
1 9   8 3 4   6
8 2 6 1 9 5   4 7
3 7 4 6 8 2   1
9 5 1 7 4 3 6 2 8
5 1 9 3 2 6 8 7 4
2 4 8 9 5 7 1 3 6
7 6 3 4 1 8   5

4 3   2 6 9   8 1
6 8 2 5 7 1 4 9 3
1 9   8 3 4   6
8 2 6 1 9 5 3 4 7
3 7 4 6 8 2   1
9 5 1 7 4 3 6 2 8
5 1 9 3 2 6 8 7 4
2 4 8 9 5 7 1 3 6
7 6 3 4 1 8   5

guessing...
trying [0][2] - 5 7
		found cell len 2 coord 0 2 5 7
4 3 5 2 6 9   8 1
6 8 2 5 7 1 4 9 3
1 9   8 3 4   6
8 2 6 1 9 5 3 4 7
3 7 4 6 8 2   1
9 5 1 7 4 3 6 2 8
5 1 9 3 2 6 8 7 4
2 4 8 9 5 7 1 3 6
7 6 3 4 1 8   5

4 3 5 2 6 9 7 8 1
6 8 2 5 7 1 4 9 3
1 9 7 8 3 4   6
8 2 6 1 9 5 3 4 7
3 7 4 6 8 2   1
9 5 1 7 4 3 6 2 8
5 1 9 3 2 6 8 7 4
2 4 8 9 5 7 1 3 6
7 6 3 4 1 8   5

guessing...
trying [2][6] - 2 5
		found cell len 2 coord 2 6 2 5
4 3 5 2 6 9 7 8 1
6 8 2 5 7 1 4 9 3
1 9 7 8 3 4 2 6
8 2 6 1 9 5 3 4 7
3 7 4 6 8 2   1
9 5 1 7 4 3 6 2 8
5 1 9 3 2 6 8 7 4
2 4 8 9 5 7 1 3 6
7 6 3 4 1 8   5

4 3 5 2 6 9 7 8 1
6 8 2 5 7 1 4 9 3
1 9 7 8 3 4 2 6 5
8 2 6 1 9 5 3 4 7
3 7 4 6 8 2   1
9 5 1 7 4 3 6 2 8
5 1 9 3 2 6 8 7 4
2 4 8 9 5 7 1 3 6
7 6 3 4 1 8 9 5

4 3 5 2 6 9 7 8 1
6 8 2 5 7 1 4 9 3
1 9 7 8 3 4 2 6 5
8 2 6 1 9 5 3 4 7
3 7 4 6 8 2 5 1 9
9 5 1 7 4 3 6 2 8
5 1 9 3 2 6 8 7 4
2 4 8 9 5 7 1 3 6
7 6 3 4 1 8 9 5 2

 
===> 086/2/dave-jacoby.pl <===
BEFORE
---------------------------
 _ _ _  2 6 _  7 _ 1 
 6 8 _  _ 7 _  _ 9 _ 
 1 9 _  _ _ 4  5 _ _ 

 8 2 _  1 _ _  _ 4 _ 
 _ _ 4  6 _ 2  9 _ _ 
 _ 5 _  _ _ 3  _ 2 8 

 _ _ 9  3 _ _  _ 7 4 
 _ 4 _  _ 5 _  _ 3 6 
 7 _ 3  _ 1 8  _ _ _ 
---------------------------

SOLVED
---------------------------
 4 3 5  2 6 9  7 8 1 
 6 8 2  5 7 1  4 9 3 
 1 9 7  8 3 4  5 6 2 

 8 2 6  1 9 5  3 4 7 
 3 7 4  6 8 2  9 1 5 
 9 5 1  7 4 3  6 2 8 

 5 1 9  3 2 6  8 7 4 
 2 4 8  9 5 7  1 3 6 
 7 6 3  4 1 8  2 5 9 
---------------------------

 
===> 086/2/e-choroba.pl <===
ok 1 - solvable
ok 2 - correct
ok 3 - not solvable
ok 4 - hard solvable
ok 5 - hard correct
ok 6 - expert solvable
ok 7 - expert correct
1..7
 
===> 086/2/jaldhar-h-vyas.pl <===
[ 1 2 3 5 6 8 9 7 4 ]
[ 8 7 5 4 3 9 1 2 6 ]
[ 9 4 6 2 1 7 3 8 5 ]
[ 6 8 7 1 4 5 2 9 3 ]
[ 4 3 1 6 9 2 7 5 8 ]
[ 5 9 2 7 8 3 4 6 1 ]
[ 2 1 9 8 5 4 6 3 7 ]
[ 7 5 4 3 2 6 8 1 9 ]
[ 3 6 8 9 7 1 5 4 2 ]
 
===> 086/2/james-smith.pl <===
ok 1
1..1
 
===> 086/2/jo-37.pl <===

[
 [BAD BAD BAD   2   6 BAD   7 BAD   1]
 [  6   8 BAD BAD   7 BAD BAD   9 BAD]
 [  1   9 BAD BAD BAD   4   5 BAD BAD]
 [  8   2 BAD   1 BAD BAD BAD   4 BAD]
 [BAD BAD   4   6 BAD   2   9 BAD BAD]
 [BAD   5 BAD BAD BAD   3 BAD   2   8]
 [BAD BAD   9   3 BAD BAD BAD   7   4]
 [BAD   4 BAD BAD   5 BAD BAD   3   6]
 [  7 BAD   3 BAD   1   8 BAD BAD BAD]
]


[
 [BAD   3   5   2   6   9   7   8   1]
 [  6   8   2   5   7   1 BAD   9   3]
 [  1   9   7   8   3   4   5   6   2]
 [  8   2   6   1   9 BAD   3   4 BAD]
 [  3 BAD   4   6   8   2   9 BAD BAD]
 [  9   5   1 BAD   4   3   6   2   8]
 [BAD BAD   9   3   2   6 BAD   7   4]
 [  2   4   8 BAD   5   7   1   3   6]
 [  7   6   3 BAD   1   8   2   5   9]
]


[
 [4 3 5 2 6 9 7 8 1]
 [6 8 2 5 7 1 4 9 3]
 [1 9 7 8 3 4 5 6 2]
 [8 2 6 1 9 5 3 4 7]
 [3 7 4 6 8 2 9 1 5]
 [9 5 1 7 4 3 6 2 8]
 [5 1 9 3 2 6 8 7 4]
 [2 4 8 9 5 7 1 3 6]
 [7 6 3 4 1 8 2 5 9]
]

# Seeded srand with seed '1' from import arg.
ok 1 - Example 1

[
 [BAD BAD BAD BAD BAD BAD BAD BAD BAD]
 [BAD BAD BAD BAD BAD BAD BAD BAD BAD]
 [BAD BAD BAD BAD BAD BAD BAD BAD BAD]
 [BAD BAD BAD BAD BAD BAD BAD BAD BAD]
 [BAD BAD BAD BAD BAD BAD BAD BAD BAD]
 [BAD BAD BAD BAD BAD BAD BAD BAD BAD]
 [BAD BAD BAD BAD BAD BAD BAD BAD BAD]
 [BAD BAD BAD BAD BAD BAD BAD BAD BAD]
 [BAD BAD BAD BAD BAD BAD BAD BAD BAD]
]


[
 [BAD BAD BAD BAD BAD BAD BAD BAD BAD]
 [BAD BAD BAD BAD BAD BAD BAD BAD BAD]
 [BAD BAD BAD BAD BAD BAD BAD BAD BAD]
 [BAD BAD BAD BAD BAD BAD BAD BAD BAD]
 [BAD BAD BAD BAD BAD BAD BAD BAD BAD]
 [BAD BAD BAD BAD BAD BAD BAD BAD BAD]
 [BAD BAD BAD BAD BAD BAD BAD BAD BAD]
 [BAD BAD BAD BAD BAD BAD BAD BAD BAD]
 [BAD BAD BAD BAD BAD BAD BAD BAD BAD]
]

ok 2 - no straight solution
ok 3 - invalid values
ok 4 - invalid dimensions
1..4
 
===> 086/2/juliodcs.pl <===
ok 1 - example sudoku
1..1
 
===> 086/2/kai-burgdorf.pl <===
 4  3  5  |  2  6  9  |  7  8  1 
 6  8  2  |  5  7  1  |  4  9  3 
 1  9  7  |  8  3  4  |  5  6  2 
- - - - - - - - - - - - - - - - -
 8  2  6  |  1  9  5  |  3  4  7 
 3  7  4  |  6  8  2  |  9  1  5 
 9  5  1  |  7  4  3  |  6  2  8 
- - - - - - - - - - - - - - - - -
 5  1  9  |  3  2  6  |  8  7  4 
 2  4  8  |  9  5  7  |  1  3  6 
 7  6  3  |  4  1  8  |  2  5  9 
 
===> 086/2/laurent-rosenfeld.pl <===
[ 0 0 0 2 6 0 7 0 1 ]
[ 6 8 0 0 7 0 0 9 0 ]
[ 1 9 0 0 0 4 5 0 0 ]
[ 8 2 0 1 0 0 0 4 0 ]
[ 0 0 4 6 0 2 9 0 0 ]
[ 0 5 0 0 0 3 0 2 8 ]
[ 0 0 9 3 2 0 0 7 4 ]
[ 0 4 0 0 5 0 0 3 6 ]
[ 7 0 3 0 1 8 0 0 0 ]

Solution:
[ 4 3 5 2 6 9 7 8 1 ]
[ 6 8 2 5 7 1 4 9 3 ]
[ 1 9 7 8 3 4 5 6 2 ]
[ 8 2 6 1 9 5 3 4 7 ]
[ 3 7 4 6 8 2 9 1 5 ]
[ 9 5 1 7 4 3 6 2 8 ]
[ 5 1 9 3 2 6 8 7 4 ]
[ 2 4 8 9 5 7 1 3 6 ]
[ 7 6 3 4 1 8 2 5 9 ]
 
===> 086/2/lubos-kolouch.pl <===
4 3 5 2 6 9 7 8 1 
6 8 2 5 7 1 4 9 3 
1 9 7 8 3 4 5 6 2 
8 2 6 1 9 5 3 4 7 
3 7 4 6 8 2 9 1 5 
9 5 1 7 4 3 6 2 8 
5 1 9 3 2 6 8 7 4 
2 4 8 9 5 7 1 3 6 
7 6 3 4 1 8 2 5 9 

ok 1
1..1
 
===> 086/2/polettix.pl <===
[ 5 4 9 7 3 6 1 8 2 ]
[ 3 2 8 1 9 4 6 7 5 ]
[ 1 7 6 8 5 2 3 9 4 ]
[ 8 1 7 9 4 5 2 3 6 ]
[ 4 6 2 3 7 8 9 5 1 ]
[ 9 3 5 2 6 1 7 4 8 ]
[ 7 5 4 6 1 9 8 2 3 ]
[ 2 9 1 5 8 3 4 6 7 ]
[ 6 8 3 4 2 7 5 1 9 ]
 
===> 086/2/roger-bell-west.pl <===
1 2 3 5 6 8 9 7 4
8 7 5 4 3 9 1 2 6
9 4 6 2 1 7 3 8 5
6 8 7 1 4 5 2 9 3
4 3 1 6 9 2 7 5 8
5 9 2 7 8 3 4 6 1
2 1 9 8 5 4 6 3 7
7 5 4 3 2 6 8 1 9
3 6 8 9 7 1 5 4 2

 
===> 086/2/shawn-wagner.pl <===
[ 4 3 5 2 6 9 7 8 1 ]
[ 6 8 2 5 7 1 4 9 3 ]
[ 1 9 7 8 3 4 5 6 2 ]
[ 8 2 6 1 9 5 3 4 7 ]
[ 3 7 4 6 8 2 9 1 5 ]
[ 9 5 1 7 4 3 6 2 8 ]
[ 5 1 9 3 2 6 8 7 4 ]
[ 2 4 8 9 5 7 1 3 6 ]
[ 7 6 3 4 1 8 2 5 9 ]
 
===> 086/2/wanderdoc.pl <===
0 0 0 | 2 6 0 | 7 0 1 
6 8 0 | 0 7 0 | 0 9 0 
1 9 0 | 0 0 4 | 5 0 0 
---------------------
8 2 0 | 1 0 0 | 0 4 0 
0 0 4 | 6 0 2 | 9 0 0 
0 5 0 | 0 0 3 | 0 2 8 
---------------------
0 0 9 | 3 0 0 | 0 7 4 
0 4 0 | 0 5 0 | 0 3 6 
7 0 3 | 0 1 8 | 0 0 0 


4 3 5 | 2 6 9 | 7 8 1 
6 8 2 | 5 7 1 | 4 9 3 
1 9 7 | 8 3 4 | 5 6 2 
---------------------
8 2 6 | 1 9 5 | 3 4 7 
3 7 4 | 6 8 2 | 9 1 5 
9 5 1 | 7 4 3 | 6 2 8 
---------------------
5 1 9 | 3 2 6 | 8 7 4 
2 4 8 | 9 5 7 | 1 3 6 
7 6 3 | 4 1 8 | 2 5 9 



