 
===> 086/2/arne-sommer.raku <===
[4 3 5 2 6 9 7 8 1]
[6 8 2 5 7 1 4 9 3]
[1 9 7 8 3 4 5 6 2]
[8 2 6 1 9 5 3 4 7]
[3 7 4 6 8 2 9 1 5]
[9 5 1 7 4 3 6 2 8]
[5 1 9 3 2 6 8 7 4]
[2 4 8 9 5 7 1 3 6]
[7 6 3 4 1 8 2 5 9]
 
===> 086/2/athanasius.raku <===
Example:

 [ _ _ _ 2 6 _ 7 _ 1 ]
 [ 6 8 _ _ 7 _ _ 9 _ ]
 [ 1 9 _ _ _ 4 5 _ _ ]
 [ 8 2 _ 1 _ _ _ 4 _ ]
 [ _ _ 4 6 _ 2 9 _ _ ]
 [ _ 5 _ _ _ 3 _ 2 8 ]
 [ _ _ 9 3 _ _ _ 7 4 ]
 [ _ 4 _ _ 5 _ _ 3 6 ]
 [ 7 _ 3 _ 1 8 _ _ _ ]

Solution:

 [ 4 3 5 2 6 9 7 8 1 ]
 [ 6 8 2 5 7 1 4 9 3 ]
 [ 1 9 7 8 3 4 5 6 2 ]
 [ 8 2 6 1 9 5 3 4 7 ]
 [ 3 7 4 6 8 2 9 1 5 ]
 [ 9 5 1 7 4 3 6 2 8 ]
 [ 5 1 9 3 2 6 8 7 4 ]
 [ 2 4 8 9 5 7 1 3 6 ]
 [ 7 6 3 4 1 8 2 5 9 ]
 
===> 086/2/feng-chang.raku <===
=================
4 3 5 2 6 9 7 8 1
6 8 2 5 7 1 4 9 3
1 9 7 8 3 4 5 6 2
8 2 6 1 9 5 3 4 7
3 7 4 6 8 2 9 1 5
9 5 1 7 4 3 6 2 8
5 1 9 3 2 6 8 7 4
2 4 8 9 5 7 1 3 6
7 6 3 4 1 8 2 5 9
 
===> 086/2/gugod.raku <===
 
===> 086/2/jaldhar-h-vyas.raku <===
[ 4 3 5 2 6 9 7 8 1 ]
[ 6 8 2 5 7 1 4 9 3 ]
[ 1 9 7 8 3 4 5 6 2 ]
[ 8 2 6 1 9 5 3 4 7 ]
[ 3 7 4 6 8 2 9 1 5 ]
[ 9 5 1 7 4 3 6 2 8 ]
[ 5 1 9 3 2 6 8 7 4 ]
[ 2 4 8 9 5 7 1 3 6 ]
[ 7 6 3 4 1 8 2 5 9 ]
 
===> 086/2/jeongoon.raku <===
[4 3 5 2 6 9 7 8 1]
[6 8 2 5 7 1 4 9 3]
[1 9 7 8 3 4 5 6 2]
[8 2 6 1 9 5 3 4 7]
[3 7 4 6 8 2 9 1 5]
[9 5 1 7 4 3 6 2 8]
[5 1 9 3 2 6 8 7 4]
[2 4 8 9 5 7 1 3 6]
[7 6 3 4 1 8 2 5 9]
 
===> 086/2/juliodcs.raku <===
ok 1 - Example sudoku
 
===> 086/2/laurent-rosenfeld.raku <===
[0 0 0 2 6 0 7 0 1]
[6 8 0 0 7 0 0 9 0]
[1 9 0 0 0 4 5 0 0]
[8 2 0 1 0 0 0 4 0]
[0 0 4 6 0 2 9 0 0]
[0 5 0 0 0 3 0 2 8]
[0 0 9 3 2 0 0 7 4]
[0 4 0 0 5 0 0 3 6]
[7 0 3 0 1 8 0 0 0]

Solution:
[4 3 5 2 6 9 7 8 1]
[6 8 2 5 7 1 4 9 3]
[1 9 7 8 3 4 5 6 2]
[8 2 6 1 9 5 3 4 7]
[3 7 4 6 8 2 9 1 5]
[9 5 1 7 4 3 6 2 8]
[5 1 9 3 2 6 8 7 4]
[2 4 8 9 5 7 1 3 6]
[7 6 3 4 1 8 2 5 9]
 
===> 086/2/mark-anderson.raku <===
[4 3 5 2 6 9 7 8 1]
[6 8 2 5 7 1 4 9 3]
[1 9 7 8 3 4 5 6 2]
[8 2 6 1 9 5 3 4 7]
[3 7 4 6 8 2 9 1 5]
[9 5 1 7 4 3 6 2 8]
[5 1 9 3 2 6 8 7 4]
[2 4 8 9 5 7 1 3 6]
[7 6 3 4 1 8 2 5 9]
 
===> 086/2/stuart-little.raku <===
[4 3 5 2 6 9 7 8 1]
[6 8 2 5 7 1 4 9 3]
[1 9 7 8 3 4 5 6 2]
[8 2 6 1 9 5 3 4 7]
[3 7 4 6 8 2 9 1 5]
[9 5 1 7 4 3 6 2 8]
[5 1 9 3 2 6 8 7 4]
[2 4 8 9 5 7 1 3 6]
[7 6 3 4 1 8 2 5 9]
