 
===> 067/1/arne-sommer.pl <===
[ [1,2,3], [1,2,4], [1,2,5], [1,3,4], [1,3,5], [1,4,5], [2,3,4], [2,3,5], [2,4,5], [3,4,5] ]
 
===> 067/1/athanasius.pl <===
There are 10 unique 3-combinations of the integers 1 to 5:
[ [1,2,3], [1,2,4], [1,2,5], [1,3,4], [1,3,5], [1,4,5], [2,3,4], [2,3,5], [2,4,5], [3,4,5] ]
 
===> 067/1/cheok-yin-fung.pl <===
$m = 5 ; $n = 3  

[1,2,3]
[1,2,4]
[1,3,4]
[2,3,4]
[1,2,5]
[1,3,5]
[2,3,5]
[1,4,5]
[2,4,5]
[3,4,5]

 
===> 067/1/colin-crain.pl <===
[[1,2,3], [1,2,4], [1,2,5], [1,3,4], [1,3,5], [1,4,5], [2,3,4], [2,3,5], [2,4,5], [3,4,5]]
 
===> 067/1/dave-jacoby.pl <===
123 124 125 134 135 132 145 142 143 152 153 154 234 235 231 245 241 243 251 253 254 213 214 215 345 341 342 351 352 354 312 314 315 324 325 321 451 452 453 412 413 415 423 425 421 435 431 432 512 513 514 523 524 521 534 531 532 541 542 543

 
===> 067/1/e-choroba.pl <===
1..1
ok 1
 
===> 067/1/jaldhar-h-vyas.pl <===
[ [1,2,3], [1,2,4], [1,2,5], [1,3,4], [1,3,5], [1,4,5], [2,3,4], [2,3,5], [2,4,5], [3,4,5] ]
 
===> 067/1/javier-luque.pl <===
[ [1, 2, 3], [1, 2, 4], [1, 2, 5], [1, 3, 4], [1, 3, 5], [1, 4, 5], [2, 3, 4], [2, 3, 5], [2, 4, 5], [3, 4, 5] ]
 
===> 067/1/jo-37.pl <===
# Seeded srand with seed '1' from import arg.
ok 1 - length 1
ok 2 - old example from challenge
ok 3 - length 3
ok 4 - length too large
ok 5 - length too small
ok 6 - from too large
1..6
 
===> 067/1/laurent-rosenfeld.pl <===
1 2 3
1 2 4
1 2 5
1 3 4
1 3 5
1 4 5
2 3 4
2 3 5
2 4 5
3 4 5
 
===> 067/1/mohammad-anwar.pl <===
[ [1, 2, 3], [1, 2, 4], [1, 2, 5], [1, 3, 4], [1, 3, 5], [1, 4, 5], [2, 3, 4], [2, 3, 5], [2, 4, 5], [3, 4, 5] ]
 
===> 067/1/perlboy1967.pl <===
Input: m = 5, n = 3
Output: [ [1,2,3], [1,2,4], [1,2,5], [1,3,4], [1,3,5], [1,4,5], [2,3,4], [2,3,5], [2,4,5], [3,4,5] ]
 
===> 067/1/roger-bell-west.pl <===
1..2
ok 1 - expansion 5 2
ok 2 - expansion 4 3
 
===> 067/1/simon-miner.pl <===
123
124
125
134
135
145
234
235
245
345
 
===> 067/1/ulrich-rieke.pl <===
(123)
(124)
(125)
(134)
(135)
(145)
(234)
(235)
(245)
(345)
 
===> 067/1/walt-mankowski.pl <===
[ [1,2,3], [1,2,4], [1,2,5], [1,3,4], [1,3,5], [1,4,5], [2,3,4], [2,3,5], [2,4,5], [3,4,5] ]
 
===> 067/1/wanderdoc.pl <===
[1,2,3], [1,2,4], [1,2,5], [1,3,4], [1,3,5], [1,4,5], [2,3,4], [2,3,5], [2,4,5], [3,4,5] 
===> 067/1/yet-ebreo.pl <===
1 2 3
1 2 4
1 2 5
1 3 4
1 3 5
1 4 5
2 3 4
2 3 5
2 4 5
3 4 5
