 
===> 067/1/arne-sommer.raku <===
[ [1,2,3], [1,2,4], [1,2,5], [1,3,4], [1,3,5], [1,4,5], [2,3,4], [2,3,5], [2,4,5], [3,4,5] ]
 
===> 067/1/ash.raku <===
[ [1,2,3], [1,2,4], [1,2,5], [1,3,4], [1,3,5], [1,4,5], [2,3,4], [2,3,5], [2,4,5], [3,4,5] ]
 
===> 067/1/athanasius.raku <===
There are 10 unique 3-combinations of the integers 1 to 5:
[ [1,2,3], [1,2,4], [1,2,5], [1,3,4], [1,3,5], [1,4,5], [2,3,4], [2,3,5], [2,4,5], [3,4,5] ]
 
===> 067/1/colin-crain.raku <===
(1 2 3)
(1 2 4)
(1 2 5)
(1 3 4)
(1 3 5)
(1 4 5)
(2 3 4)
(2 3 5)
(2 4 5)
(3 4 5)
 
===> 067/1/donald-hunter.raku <===
[ [1,2,3], [1,2,4], [1,2,5], [1,3,4], [1,3,5], [1,4,5], [2,3,4], [2,3,5], [2,4,5], [3,4,5] ]
 
===> 067/1/javier-luque.raku <===
((1 2 3) (1 2 4) (1 2 5) (1 3 4) (1 3 5) (1 4 5) (2 3 4) (2 3 5) (2 4 5) (3 4 5))
 
===> 067/1/laurent-rosenfeld.raku <===
(1 2 3)
(1 2 4)
(1 2 5)
(1 3 4)
(1 3 5)
(1 4 5)
(2 3 4)
(2 3 5)
(2 4 5)
(3 4 5)
 
===> 067/1/luca-ferrari.raku <===
1 2 3, 1 2 4, 1 2 5, 1 3 4, 1 3 5, 1 4 5, 2 3 4, 2 3 5, 2 4 5, 3 4 5
 
===> 067/1/mark-anderson.raku <===
((1 2 3) (1 2 4) (1 2 5) (1 3 4) (1 3 5) (1 4 5) (2 3 4) (2 3 5) (2 4 5) (3 4 5))
 
===> 067/1/mohammad-anwar.raku <===
[ [1,2,3], [1,2,4], [1,2,5], [1,3,4], [1,3,5], [1,4,5], [2,3,4], [2,3,5], [2,4,5], [3,4,5] ]
 
===> 067/1/noud.raku <===
((1 2 3) (1 2 4) (1 2 5) (1 3 4) (1 3 5) (1 4 5) (2 3 4) (2 3 5) (2 4 5) (3 4 5))
 
===> 067/1/ohmycloud.raku <===
((1 2 3) (1 2 4) (1 2 5) (1 3 4) (1 3 5) (1 4 5) (2 3 4) (2 3 5) (2 4 5) (3 4 5))
 
===> 067/1/simon-proctor.raku <===
1,2,3
1,2,4
1,2,5
1,3,4
1,3,5
1,4,5
2,3,4
2,3,5
2,4,5
3,4,5
 
===> 067/1/stuart-little.raku <===
((1 2 3) (1 2 4) (1 2 5) (1 3 4) (1 3 5) (1 4 5) (2 3 4) (2 3 5) (2 4 5) (3 4 5))
 
===> 067/1/ulrich-rieke.raku <===
(1 2 3)
(1 2 4)
(1 2 5)
(1 3 4)
(1 3 5)
(1 4 5)
(2 3 4)
(2 3 5)
(2 4 5)
(3 4 5)
