 
===> 124/2/abigail.pl <===
10 -15 30 5; 20 -25 0 40 -5
10 20 50 90 100; 30 40 60 70 80
 
===> 124/2/bruce-gray.pl <===
(10 20 50 90 100) (30 40 60 70 80)
(10 -15 30 5) (20 -25 0 40 -5)
(10 20 50 99 99 99 99 99) (30 40 60 70 80 90 100 99)
(10 -15 30 5 99 99 99) (20 -25 0 40 -5 99 99 99)
 
===> 124/2/cheok-yin-fung.pl <===
1..7
TOTAL: 27

(2 4 7) ==> 13
(1 5 8) ==> 14

TEST
10 20 30 40 50 60 70 80 90 100
expected diff: 10
test diff: 10
20 40 50 70 90
10 30 60 80 100
ok 1 - Example Set 1
10 -15 20 30 -25 0 5 40 -5
expected diff: 0
test diff: 0
-25 -5 0 20 40
-15 5 10 30
ok 2 - Example Set 2
1 2 3 4 5 6 7 8 9
expected diff: 1
test diff: 1
1 3 5 6 8
2 4 7 9
ok 3 - natural numbers
-26 -2 3 4 5
expected diff: 18
test diff: 18
-26 4 5
-2 3
ok 4 - a big negative
-1 -2 3 4 11
expected diff: 1
test diff: 1
-2 -1 11
3 4
ok 5 - a big positive
-1 0 0 1 5
expected diff: 3
test diff: 3
-1 0 5
0 1
ok 6 - -1 and 0,0,1,5
-31 -26 -17 -17 14 15 16 16 22
expected diff: 0
test diff: 2
-31 -17 14 15 16
-26 -17 16 22
ok 7
 
===> 124/2/colin-crain.pl <===
40 + 30 - 15 - 25 = 30
20 + 10 + 5 + 0 - 5 = 30
 
===> 124/2/dave-jacoby.pl <===
Set =   10 -15 20 30 -25 0 5 40 -5
Sub1 =  -25 5 20 30
Sum1 = 30
Sub2 =  -15 -5 0 10 40
Sum2 = 30
DIFF = 0

Set =   10 20 30 40 50 60 70 80 90 100
Sub1 =  30 40 50 60 90
Sum1 = 270
Sub2 =  10 20 70 80 100
Sum2 = 280
DIFF = 10

 
===> 124/2/e-choroba.pl <===
# Seeded srand with seed '1234' from import arg.
1..2
ok 1 - Example 1
ok 2 - Example 2
 
===> 124/2/jaldhar-h-vyas.pl <===
Subset 1 = (-15, 5, 10, 30)
Subset 2 = (-25, -5, 0, 20, 40)
 
===> 124/2/james-smith.pl <===
Team 1: [10 20 30 40 80 130 140 150]; Team 2: [50 60 70 90 100 110 120]; difference 0
Team 1: [10 20 50 90 100]; Team 2: [30 40 60 70 80]; difference 10
Team 1: [10 -15 20 -25 40]; Team 2: [30 0 5 -5]; difference 0
 
===> 124/2/jo-37.pl <===
# Seeded srand with seed '1234' from import arg.
ok 1 - example 1, delta
ok 2 - example 1, sums
ok 3 - example 1, cardinality
ok 4 - example 2, delta
ok 5 - example 2, sums
ok 6 - example 2, cardinality
ok 7 - single element
ok 8 - cubes: delta
ok 9 - cubes: sums
ok 10 - cubes: cardinality
1..10
 
===> 124/2/kjetillll.pl <===
--------------------------------------------------
Input:   10 20 30 40 50 60 70 80 90 100
Output sum 280:   10 20 60 90 100
Output sum 270:   30 40 50 70 80
--------------------------------------------------
Input:   10 -15 20 30 -25 0 5 40 -5
Output sum 30:   20 -25 0 40 -5
Output sum 30:   10 -15 30 5
 
===> 124/2/laurent-rosenfeld.pl <===
10 20 50 90 100 -- 30 40 60 70 80  => 10
10 -15 30 5 -- 20 -25 0 40 -5  => 0
 
===> 124/2/paulo-custodio.pl <===
(-25, 5, 20, 30)
(-15, -5, 0, 10, 40)
 
===> 124/2/perlboy1967.pl <===
ok 1
ok 2
ok 3
ok 4
1..4
 
===> 124/2/peter-campbell-smith.pl <===
best so far 455
best so far 443
best so far 42
best so far 25
best so far 15
best so far 8
best so far 6
best so far 2
best so far 0

Input:        Set = (23, 67, 43, 96, 23, 14, 85, -300, 43, 20, 87, 99, 0, 35, 21, 77, 88, 77, 54, 70, 34, 56, 500) sum 1312
Output:  Subset 1 = (23, 67, 43, 96, 23, 14, 85, -300, 35, 70, 500) sum 656
         Subset 2 = (43, 20, 87, 99, 0, 21, 77, 88, 77, 54, 34, 56) sum 656
 
===> 124/2/roger-bell-west.pl <===
(30, 40, 60, 70, 80)
(10, 20, 50, 90, 100)

(20, -25, 0, 40, -5)
(10, -15, 30, 5)
 
===> 124/2/sgreen.pl <===
Subset 1 = (10, -15, 30, 5)
Subset 2 = (20, -25, 0, 40, -5)
 
===> 124/2/ulrich-rieke.pl <===
Subset 1 = (-25, -15, 30, 40)
Subset 2 = (-5, 0, 5, 10, 20)
 
===> 124/2/wanderdoc.pl <===
Subset 1: (10, 100, 20, 90, 50)
Subset 2: (30, 80, 40, 70, 60)
Difference: 10

Subset 1: (-25, 40, -15, 30)
Subset 2: (-5, 20, 0, 10, 5)
Difference: 0

Subset 1: (1, 100, 2, 99, 3, 98, 4, 97, 5, 96, 6, 95, 7, 94, 8, 93, 9, 92, 10, 91, 11, 90, 12, 89, 13, 88, 14, 87, 15, 86, 16, 85, 17, 84, 18, 83, 19, 82, 20, 81, 21, 80, 22, 79, 23, 78, 24, 77, 25, 76)
Subset 2: (26, 75, 27, 74, 28, 73, 29, 72, 30, 71, 31, 70, 32, 69, 33, 68, 34, 67, 35, 66, 36, 65, 37, 64, 38, 63, 39, 62, 40, 61, 41, 60, 42, 59, 43, 58, 44, 57, 45, 56, 46, 55, 47, 54, 48, 53, 49, 52, 50, 51)
Difference: 0

Subset 1: (25, 10)
Subset 2: (5, 20, 15)
Difference: 5

Subset 1: (2, 499, 3, 491, 5, 487, 7, 479, 11, 467, 13, 463, 17, 461, 19, 457, 23, 449, 29, 443, 31, 439, 37, 433, 41, 431, 43, 421, 47, 419, 53, 409, 59, 401, 61, 397, 67, 389, 71, 383, 73, 379, 79, 373, 83, 97, 227)
Subset 2: (367, 89, 359, 353, 101, 349, 103, 347, 107, 337, 109, 331, 113, 317, 127, 313, 131, 311, 137, 307, 139, 293, 149, 283, 151, 281, 157, 277, 163, 271, 167, 269, 173, 263, 179, 257, 181, 251, 191, 241, 193, 239, 197, 233, 199, 229, 211, 223)
Difference: 0

Subset 1: (-491, 499, -487, 467, -479, 461, -463, 449, -457, 443, -397, 439, -383, 433, -379, 431, -367, 421, -353, 419, -331, 409, -307, 401, -293, 389, -283, 373, -271, 359, -263, 349, -257, 347, -239, 337, -233, 317, -229, 313, -227, 311, -199, 281, 277, 2, 5)
Subset 2: (-197, -193, 269, -191, 251, -179, 241, -173, 223, -149, 211, -113, 181, -107, 167, -101, 163, -79, 157, -73, 151, -71, 139, -59, 137, -47, 131, -41, 127, -37, 109, -19, 103, -7, 97, 89, 3, 83, 67, 11, 61, 13, 53, 17, 43, 23, 31, 29)
Difference: 0

Subset 1: (-10, 9, -8, 5, 1)
Subset 2: (7, -6, -4, 3, -2)
Difference: 1

 
===> 124/2/wlmb.pl <===
Input: -25 -15 -5 0 5 10 20 30 40
Set1: -25 -5 0 20 40
Set2: -15 5 10 30
Diff: 0
