 
===> 124/2/arne-sommer.raku <===
1
0
 
===> 124/2/bruce-gray.raku <===
((10 20 50 90 100) (30 40 60 70 80))
((-15 5 10 30) (-25 -5 0 20 40))
((10 20 50 99 99 99 99 99) (30 40 60 70 80 90 99 100))
((-15 5 10 30 99 99 99) (-25 -5 0 20 40 99 99 99))
 
===> 124/2/colin-crain.raku <===
30 + 10 + 5 - 15 = 30
40 + 20 + 0 - 5 - 25 = 30

 
===> 124/2/feng-chang.raku <===
10 -15 30 5
-25 -5 0 20 40
 =  =  = 
10 -15 40 -5
-25 0 5 20 30
 =  =  = 
10 20 5 -5
-25 -15 0 30 40
 =  =  = 
10 -25 5 40
-15 -5 0 20 30
 =  =  = 
-15 20 30 -5
-25 0 5 10 40
 =  =  = 
-15 30 -25 40
-5 0 5 10 20
 =  =  = 
-15 0 5 40
-25 -5 10 20 30
 =  =  = 
20 30 -25 5
-15 -5 0 10 40
 =  =  = 
20 -25 40 -5
-15 0 5 10 30
 =  =  = 
30 0 5 -5
-25 -15 10 20 40
 =  =  = 
 
===> 124/2/jaldhar-h-vyas.raku <===
Subset 1 = (-15, 5, 10, 30)
Subset 2 = (-25, -5, 0, 20, 40)
 
===> 124/2/laurent-rosenfeld.raku <===
10 20 50 90 100  --  70 60 80 30 40 => 10
10 -15 30 5  --  -5 0 -25 20 40 => 0
 
===> 124/2/luca-ferrari.raku <===
Sets are -25,0,5,40 and -15,-5,10,20,30
 
===> 124/2/mark-anderson.raku <===
((30 40 60 70 80) (90 10 100 20 50))
((10 -15 -25 20 40) (30 0 5 -5))
 
===> 124/2/polettix.raku <===
Subset 1: (10, 20, 50, 90, 100)
Subset 2: (30, 40, 60, 70, 80)
 
===> 124/2/roger-bell-west.raku <===
(30, 40, 60, 70, 80)
(10, 20, 50, 90, 100)

(20, -25, 0, 40, -5)
(10, -15, 30, 5)
 
===> 124/2/simon-proctor.raku <===
-15,5,10,30 <=> -25,-5,0,20,40
 
===> 124/2/stuart-little.raku <===
[10 -15 30 5]
[-25 -5 20 40]
 
===> 124/2/ulrich-rieke.raku <===
Subset 1 = (-25, -5, 0, 20, 40)
Subset 2 = (-15, 5, 10, 30)
