 
===> 124/2/arne-sommer.raku <===
1
0
 
===> 124/2/bruce-gray.raku <===
((10 20 50 90 100) (30 40 60 70 80))
((-15 5 10 30) (-25 -5 0 20 40))
((10 20 50 99 99 99 99 99) (30 40 60 70 80 90 99 100))
((-15 5 10 30 99 99 99) (-25 -5 0 20 40 99 99 99))
 
===> 124/2/colin-crain.raku <===
30 + 10 + 5 - 15 = 30
40 + 20 + 0 - 5 - 25 = 30

 
===> 124/2/feng-chang.raku <===
10 -15 30 5
0 20 -25 40 -5
 =  =  = 
10 -15 40 -5
20 0 5 30 -25
 =  =  = 
10 20 5 -5
-25 0 40 30 -15
 =  =  = 
10 -25 5 40
20 30 0 -5 -15
 =  =  = 
-15 20 30 -5
10 5 0 -25 40
 =  =  = 
-15 30 -25 40
0 20 -5 10 5
 =  =  = 
-15 0 5 40
10 20 30 -25 -5
 =  =  = 
20 30 -25 5
-15 10 0 -5 40
 =  =  = 
20 -25 40 -5
10 -15 5 30 0
 =  =  = 
30 0 5 -5
40 10 -25 -15 20
 =  =  = 
 
===> 124/2/jaldhar-h-vyas.raku <===
Subset 1 = (-15, 5, 10, 30)
Subset 2 = (-25, -5, 0, 20, 40)
 
===> 124/2/laurent-rosenfeld.raku <===
10 20 50 90 100  --  60 80 40 30 70 => 10
10 -15 30 5  --  -5 40 20 -25 0 => 0
 
===> 124/2/luca-ferrari.raku <===
Sets are -25,0,5,40 and 10,-15,20,30,-5
 
===> 124/2/mark-anderson.raku <===
((30 40 60 70 80) (100 90 10 50 20))
((30 0 5 -5) (10 40 -25 20 -15))
 
===> 124/2/polettix.raku <===
Subset 1: (10, 20, 50, 90, 100)
Subset 2: (60, 40, 70, 80, 30)
 
===> 124/2/roger-bell-west.raku <===
(30, 40, 60, 70, 80)
(10, 20, 50, 90, 100)

(20, -25, 0, 40, -5)
(10, -15, 30, 5)
 
===> 124/2/simon-proctor.raku <===
10,-15,30,5 <=> 0,-5,20,-25,40
 
===> 124/2/stuart-little.raku <===
[10 -15 30 5]
[40 -25 -5 20]
 
===> 124/2/ulrich-rieke.raku <===
Subset 1 = (-25, -5, 0, 20, 40)
Subset 2 = (-15, 5, 10, 30)
