 
===> 030/2/adam-russell.pl <===
-7 9 10
-6 8 10
-5 7 10
-5 8 9
-4 6 10
-4 7 9
-3 5 10
-3 6 9
-3 7 8
-2 4 10
-2 5 9
-2 6 8
-1 3 10
-1 4 9
-1 5 8
-1 6 7
0 2 10
0 3 9
0 4 8
0 5 7
1 2 9
1 3 8
1 4 7
1 5 6
2 3 7
2 4 6
3 4 5
 
===> 030/2/andrezgz.pl <===
1 1 10
1 2 9
1 3 8
1 4 7
1 5 6
2 2 8
2 3 7
2 4 6
2 5 5
3 3 6
3 4 5
4 4 4
 
===> 030/2/anton-fedotov.pl <===
2, 1, 9
2, 2, 8
2, 3, 7
2, 4, 6
2, 5, 5
2, 6, 4
2, 7, 3
2, 8, 2
2, 9, 1
4, 1, 7
4, 2, 6
4, 3, 5
4, 4, 4
4, 5, 3
4, 6, 2
4, 7, 1
6, 1, 5
6, 2, 4
6, 3, 3
6, 4, 2
6, 5, 1
8, 1, 3
8, 2, 2
8, 3, 1
10, 1, 1
 
===> 030/2/athanasius.pl <===

Monotonic ascending series of 3 positive numbers summing to 12:

(0, 0, 12)	(0, 1, 11)	(0, 2, 10)	(0, 3,  9)	(0, 4,  8)	(0, 5,  7)	(0, 6,  6)	(1, 1, 10)	(1, 2,  9)	(1, 3,  8)	(1, 4,  7)	(1, 5,  6)	(2, 2,  8)	(2, 3,  7)	(2, 4,  6)	(2, 5,  5)	(3, 3,  6)	(3, 4,  5)	(4, 4,  4)	

Total: 19 series
 
===> 030/2/colin-crain.pl <===
sequences (allowing repetition): 
[ 0, 0, 12 ]
[ 0, 1, 11 ]
[ 0, 2, 10 ]
[ 0, 3, 9 ]
[ 0, 4, 8 ]
[ 0, 5, 7 ]
[ 0, 6, 6 ]
[ 0, 7, 5 ]
[ 0, 8, 4 ]
[ 0, 9, 3 ]
[ 0, 10, 2 ]
[ 0, 11, 1 ]
[ 0, 12, 0 ]
[ 1, 0, 11 ]
[ 1, 1, 10 ]
[ 1, 2, 9 ]
[ 1, 3, 8 ]
[ 1, 4, 7 ]
[ 1, 5, 6 ]
[ 1, 6, 5 ]
[ 1, 7, 4 ]
[ 1, 8, 3 ]
[ 1, 9, 2 ]
[ 1, 10, 1 ]
[ 1, 11, 0 ]
[ 2, 0, 10 ]
[ 2, 1, 9 ]
[ 2, 2, 8 ]
[ 2, 3, 7 ]
[ 2, 4, 6 ]
[ 2, 5, 5 ]
[ 2, 6, 4 ]
[ 2, 7, 3 ]
[ 2, 8, 2 ]
[ 2, 9, 1 ]
[ 2, 10, 0 ]
[ 3, 0, 9 ]
[ 3, 1, 8 ]
[ 3, 2, 7 ]
[ 3, 3, 6 ]
[ 3, 4, 5 ]
[ 3, 5, 4 ]
[ 3, 6, 3 ]
[ 3, 7, 2 ]
[ 3, 8, 1 ]
[ 3, 9, 0 ]
[ 4, 0, 8 ]
[ 4, 1, 7 ]
[ 4, 2, 6 ]
[ 4, 3, 5 ]
[ 4, 4, 4 ]
[ 4, 5, 3 ]
[ 4, 6, 2 ]
[ 4, 7, 1 ]
[ 4, 8, 0 ]
[ 5, 0, 7 ]
[ 5, 1, 6 ]
[ 5, 2, 5 ]
[ 5, 3, 4 ]
[ 5, 4, 3 ]
[ 5, 5, 2 ]
[ 5, 6, 1 ]
[ 5, 7, 0 ]
[ 6, 0, 6 ]
[ 6, 1, 5 ]
[ 6, 2, 4 ]
[ 6, 3, 3 ]
[ 6, 4, 2 ]
[ 6, 5, 1 ]
[ 6, 6, 0 ]
[ 7, 0, 5 ]
[ 7, 1, 4 ]
[ 7, 2, 3 ]
[ 7, 3, 2 ]
[ 7, 4, 1 ]
[ 7, 5, 0 ]
[ 8, 0, 4 ]
[ 8, 1, 3 ]
[ 8, 2, 2 ]
[ 8, 3, 1 ]
[ 8, 4, 0 ]
[ 9, 0, 3 ]
[ 9, 1, 2 ]
[ 9, 2, 1 ]
[ 9, 3, 0 ]
[ 10, 0, 2 ]
[ 10, 1, 1 ]
[ 10, 2, 0 ]
[ 11, 0, 1 ]
[ 11, 1, 0 ]
[ 12, 0, 0 ]
total 91 combinations


------------
sets (no repetition): 
[ 0, 1, 11 ]
[ 0, 2, 10 ]
[ 0, 3, 9 ]
[ 0, 4, 8 ]
[ 0, 5, 7 ]
[ 0, 7, 5 ]
[ 0, 8, 4 ]
[ 0, 9, 3 ]
[ 0, 10, 2 ]
[ 0, 11, 1 ]
[ 1, 0, 11 ]
[ 1, 2, 9 ]
[ 1, 3, 8 ]
[ 1, 4, 7 ]
[ 1, 5, 6 ]
[ 1, 6, 5 ]
[ 1, 7, 4 ]
[ 1, 8, 3 ]
[ 1, 9, 2 ]
[ 1, 11, 0 ]
[ 2, 0, 10 ]
[ 2, 1, 9 ]
[ 2, 3, 7 ]
[ 2, 4, 6 ]
[ 2, 6, 4 ]
[ 2, 7, 3 ]
[ 2, 9, 1 ]
[ 2, 10, 0 ]
[ 3, 0, 9 ]
[ 3, 1, 8 ]
[ 3, 2, 7 ]
[ 3, 4, 5 ]
[ 3, 5, 4 ]
[ 3, 7, 2 ]
[ 3, 8, 1 ]
[ 3, 9, 0 ]
[ 4, 0, 8 ]
[ 4, 1, 7 ]
[ 4, 2, 6 ]
[ 4, 3, 5 ]
[ 4, 5, 3 ]
[ 4, 6, 2 ]
[ 4, 7, 1 ]
[ 4, 8, 0 ]
[ 5, 0, 7 ]
[ 5, 1, 6 ]
[ 5, 3, 4 ]
[ 5, 4, 3 ]
[ 5, 6, 1 ]
[ 5, 7, 0 ]
[ 6, 1, 5 ]
[ 6, 2, 4 ]
[ 6, 4, 2 ]
[ 6, 5, 1 ]
[ 7, 0, 5 ]
[ 7, 1, 4 ]
[ 7, 2, 3 ]
[ 7, 3, 2 ]
[ 7, 4, 1 ]
[ 7, 5, 0 ]
[ 8, 0, 4 ]
[ 8, 1, 3 ]
[ 8, 3, 1 ]
[ 8, 4, 0 ]
[ 9, 0, 3 ]
[ 9, 1, 2 ]
[ 9, 2, 1 ]
[ 9, 3, 0 ]
[ 10, 0, 2 ]
[ 10, 2, 0 ]
[ 11, 0, 1 ]
[ 11, 1, 0 ]
total 72 combinations


------------
ascending ordered sets (no additional permutations): 
[ 0, 0, 12 ]
[ 0, 1, 11 ]
[ 0, 2, 10 ]
[ 0, 3, 9 ]
[ 0, 4, 8 ]
[ 0, 5, 7 ]
[ 0, 6, 6 ]
[ 1, 1, 10 ]
[ 1, 2, 9 ]
[ 1, 3, 8 ]
[ 1, 4, 7 ]
[ 1, 5, 6 ]
[ 2, 2, 8 ]
[ 2, 3, 7 ]
[ 2, 4, 6 ]
[ 2, 5, 5 ]
[ 3, 3, 6 ]
[ 3, 4, 5 ]
[ 4, 4, 4 ]
total 19 combinations


 
===> 030/2/daniel-mita.pl <===
 1| 1|10
 1| 2| 9
 1| 3| 8
 1| 4| 7
 1| 5| 6
 1| 6| 5
 1| 7| 4
 1| 8| 3
 1| 9| 2
 1|10| 1
 2| 1| 9
 2| 2| 8
 2| 3| 7
 2| 4| 6
 2| 5| 5
 2| 6| 4
 2| 7| 3
 2| 8| 2
 2| 9| 1
 3| 1| 8
 3| 2| 7
 3| 3| 6
 3| 4| 5
 3| 5| 4
 3| 6| 3
 3| 7| 2
 3| 8| 1
 4| 1| 7
 4| 2| 6
 4| 3| 5
 4| 4| 4
 4| 5| 3
 4| 6| 2
 4| 7| 1
 5| 1| 6
 5| 2| 5
 5| 3| 4
 5| 4| 3
 5| 5| 2
 5| 6| 1
 6| 1| 5
 6| 2| 4
 6| 3| 3
 6| 4| 2
 6| 5| 1
 7| 1| 4
 7| 2| 3
 7| 3| 2
 7| 4| 1
 8| 1| 3
 8| 2| 2
 8| 3| 1
 9| 1| 2
 9| 2| 1
10| 1| 1
 
===> 030/2/darren-bottin.pl <===
1+1+10 = 12
1+2+9 = 12
1+3+8 = 12
1+4+7 = 12
1+5+6 = 12
2+2+8 = 12
2+3+7 = 12
2+4+6 = 12
2+5+5 = 12
3+3+6 = 12
3+4+5 = 12
 
===> 030/2/dave-cross.pl <===
1, 1, 10
1, 2, 9
1, 3, 8
1, 4, 7
1, 5, 6
2, 2, 8
2, 3, 7
2, 4, 6
2, 5, 5
3, 3, 6
3, 4, 5
4, 4, 4
 
===> 030/2/dave-jacoby.pl <===
    1 + 1 + 10 = 12
    1 + 2 + 9 = 12
    1 + 3 + 8 = 12
    1 + 4 + 7 = 12
    1 + 5 + 6 = 12
    2 + 2 + 8 = 12
    2 + 3 + 7 = 12
    2 + 4 + 6 = 12
    2 + 5 + 5 = 12
    3 + 3 + 6 = 12
    3 + 4 + 5 = 12
    4 + 4 + 4 = 12
 
===> 030/2/e-choroba.pl <===
1, 1, 10
1, 2, 9
1, 3, 8
1, 4, 7
1, 5, 6
2, 2, 8
2, 3, 7
2, 4, 6
2, 5, 5
3, 3, 6
3, 4, 5
4, 4, 4
 
===> 030/2/jaldhar-h-vyas.pl <===
1 1 10
1 2 9
1 3 8
1 4 7
1 5 6
2 2 8
2 3 7
2 4 6
2 5 5
3 3 6
3 4 5
4 4 4
 
===> 030/2/joelle-maslak.pl <===
1,2,9
1,3,8
1,4,7
1,5,6
2,3,7
2,4,6
3,4,5
 
===> 030/2/laurent-rosenfeld.pl <===
1, 1, 10
1, 2, 9
1, 3, 8
1, 4, 7
1, 5, 6
2, 2, 8
2, 3, 7
2, 4, 6
2, 5, 5
3, 3, 6
3, 4, 5
4, 4, 4
 
===> 030/2/lubos-kolouch.pl <===
1 1 10
1 2 9
1 3 8
1 4 7
1 5 6
1 6 5
1 7 4
1 8 3
1 9 2
1 10 1
2 1 9
2 2 8
2 3 7
2 4 6
2 5 5
2 6 4
2 7 3
2 8 2
2 9 1
3 1 8
3 2 7
3 3 6
3 4 5
3 5 4
3 6 3
3 7 2
3 8 1
4 1 7
4 2 6
4 3 5
4 4 4
4 5 3
4 6 2
4 7 1
5 1 6
5 2 5
5 3 4
5 4 3
5 5 2
5 6 1
6 1 5
6 2 4
6 3 3
6 4 2
6 5 1
7 1 4
7 2 3
7 3 2
7 4 1
8 1 3
8 2 2
8 3 1
9 1 2
9 2 1
10 1 1
ok 1 - Test 3 4 5
ok 2 - Test 3 4 6
1..2
 
===> 030/2/markus-holzer.pl <===
2, 1, 9
2, 2, 8
2, 3, 7
2, 4, 6
2, 5, 5
2, 6, 4
2, 7, 3
2, 8, 2
2, 9, 1
4, 1, 7
4, 2, 6
4, 3, 5
4, 4, 4
4, 5, 3
4, 6, 2
4, 7, 1
5, 1, 6
5, 2, 5
5, 3, 4
5, 4, 3
5, 5, 2
5, 6, 1
6, 1, 5
6, 2, 4
6, 3, 3
6, 4, 2
6, 5, 1
7, 1, 4
7, 2, 3
7, 3, 2
7, 4, 1
8, 1, 3
8, 2, 2
8, 3, 1
9, 1, 2
9, 2, 1
10, 1, 1
 
===> 030/2/ndelucca.pl <===
(1, 2, 9)
(2, 2, 8)
(2, 3, 7)
(2, 4, 6)
(2, 5, 5)
(1, 4, 7)
(3, 4, 5)
(4, 4, 4)
(1, 5, 6)
(3, 3, 6)
(1, 3, 8)
(1, 1, 10)
 
===> 030/2/paulo-custodio.pl <===
1,2,9
1,3,8
1,4,7
1,5,6
2,3,7
2,4,6
3,4,5
 
===> 030/2/pete-houston.pl <===
0 0 12
0 1 11
0 2 10
0 3 9
0 4 8
0 5 7
0 6 6
1 1 10
1 2 9
1 3 8
1 4 7
1 5 6
2 2 8
2 3 7
2 4 6
2 5 5
3 3 6
3 4 5
4 4 4
 
===> 030/2/rage311.pl <===
1,1,10
1,2,9
1,3,8
1,4,7
1,5,6
2,2,8
2,3,7
2,4,6
2,5,5
3,3,6
3,4,5
4,4,4
 
===> 030/2/roger-bell-west.pl <===
0 0 12
0 1 11
0 2 10
0 3 9
0 4 8
0 5 7
0 6 6
1 1 10
1 2 9
1 3 8
1 4 7
1 5 6
2 2 8
2 3 7
2 4 6
2 5 5
3 3 6
3 4 5
4 4 4
 
===> 030/2/ruben-westerberg.pl <===
1,1,10
1,2,9
1,3,8
1,4,7
1,5,6
2,2,8
2,3,7
2,4,6
2,5,5
3,3,6
3,4,5
4,4,4
 
===> 030/2/steven-wilson.pl <===
1, 1, 10
1, 10, 1
1, 2, 9
1, 3, 8
1, 4, 7
1, 5, 6
1, 6, 5
1, 7, 4
1, 8, 3
1, 9, 2
10, 1, 1
2, 1, 9
2, 2, 8
2, 3, 7
2, 4, 6
2, 5, 5
2, 6, 4
2, 7, 3
2, 8, 2
2, 9, 1
3, 1, 8
3, 2, 7
3, 3, 6
3, 4, 5
3, 5, 4
3, 6, 3
3, 7, 2
3, 8, 1
4, 1, 7
4, 2, 6
4, 3, 5
4, 4, 4
4, 5, 3
4, 6, 2
4, 7, 1
5, 1, 6
5, 2, 5
5, 3, 4
5, 4, 3
5, 5, 2
5, 6, 1
6, 1, 5
6, 2, 4
6, 3, 3
6, 4, 2
6, 5, 1
7, 1, 4
7, 2, 3
7, 3, 2
7, 4, 1
8, 1, 3
8, 2, 2
8, 3, 1
9, 1, 2
9, 2, 1

There were 55 possible series of 3 positive numbers.
 
===> 030/2/yet-ebreo.pl <===
0,0,12
0,1,11
0,2,10
0,3,9
0,4,8
0,5,7
0,6,6
0,7,5
0,8,4
0,9,3
0,10,2
0,11,1
0,12,0
1,0,11
1,1,10
1,2,9
1,3,8
1,4,7
1,5,6
1,6,5
1,7,4
1,8,3
1,9,2
1,10,1
1,11,0
2,0,10
2,1,9
2,2,8
2,3,7
2,4,6
2,5,5
2,6,4
2,7,3
2,8,2
2,9,1
2,10,0
3,0,9
3,1,8
3,2,7
3,3,6
3,4,5
3,5,4
3,6,3
3,7,2
3,8,1
3,9,0
4,0,8
4,1,7
4,2,6
4,3,5
4,4,4
4,5,3
4,6,2
4,7,1
4,8,0
5,0,7
5,1,6
5,2,5
5,3,4
5,4,3
5,5,2
5,6,1
5,7,0
6,0,6
6,1,5
6,2,4
6,3,3
6,4,2
6,5,1
6,6,0
7,0,5
7,1,4
7,2,3
7,3,2
7,4,1
7,5,0
8,0,4
8,1,3
8,2,2
8,3,1
8,4,0
9,0,3
9,1,2
9,2,1
9,3,0
10,0,2
10,1,1
10,2,0
11,0,1
11,1,0
12,0,0
