 
===> 047/2/alicia-bielsa.pl <===
Gapful number found: 100
Gapful number found: 105
Gapful number found: 108
Gapful number found: 110
Gapful number found: 120
Gapful number found: 121
Gapful number found: 130
Gapful number found: 132
Gapful number found: 135
Gapful number found: 140
Gapful number found: 143
Gapful number found: 150
Gapful number found: 154
Gapful number found: 160
Gapful number found: 165
Gapful number found: 170
Gapful number found: 176
Gapful number found: 180
Gapful number found: 187
Gapful number found: 190
 
===> 047/2/andrezgz.pl <===
105
108
110
120
121
130
132
135
140
143
150
154
160
165
170
176
180
187
190
 
===> 047/2/athanasius.pl <===
The first 20 Gapful Numbers greater than or equal to 100 are:
100, 105, 108, 110, 120, 121, 130, 132, 135, 140, 143, 150, 154, 160, 165, 170, 176, 180, 187, 190
 
===> 047/2/cheok-yin-fung.pl <===
1. 100
2. 105
3. 108
4. 110
5. 120
6. 121
7. 130
8. 132
9. 135
10. 140
11. 143
12. 150
13. 154
14. 160
15. 165
16. 170
17. 176
18. 180
19. 187
20. 190
 
===> 047/2/colin-crain.pl <===
100
105
108
110
120
121
130
132
135
140
143
150
154
160
165
170
176
180
187
190
 
===> 047/2/cristian-heredia.pl <===
The first 20 Gapful Numbers are:
100
105
108
110
120
121
130
132
135
140
143
150
154
160
165
170
176
180
187
190
 
===> 047/2/dave-cross.pl <===
100 105 108 110 120 121 130 132 135 140 143 150 154 160 165 170 176 180 187 190
 
===> 047/2/dave-jacoby.pl <===
100
105
108
110
120
121
130
132
135
140
143
150
154
160
165
170
176
180
187
190
------------------------------
100
105
108
110
120
121
130
132
135
140
143
150
154
160
165
170
176
180
187
190
------------------------------
100
105
108
110
120
121
130
132
135
140
143
150
154
160
165
170
176
180
187
190
------------------------------
100
105
108
110
120
121
130
132
135
140
143
150
154
160
165
170
176
180
187
190
 
===> 047/2/duane-powell.pl <===
100,105,108,110,120,121,130,132,135,140,143,150,154,160,165,170,176,180,187,190
 
===> 047/2/duncan-c-white.pl <===
100
105
108
110
120
121
130
132
135
140
143
150
154
160
165
170
176
180
187
190
 
===> 047/2/e-choroba.pl <===
100
105
108
110
120
121
130
132
135
140
143
150
154
160
165
170
176
180
187
190
 
===> 047/2/jaldhar-h-vyas.pl <===
100, 105, 108, 110, 120, 121, 130, 132, 135, 140, 143, 150, 154, 160, 165, 170, 176, 180, 187, 190
 
===> 047/2/javier-luque.pl <===
100 / 10 = 10
105 / 15 = 7
108 / 18 = 6
110 / 10 = 11
120 / 10 = 12
121 / 11 = 11
130 / 10 = 13
132 / 12 = 11
135 / 15 = 9
140 / 10 = 14
143 / 13 = 11
150 / 10 = 15
154 / 14 = 11
160 / 10 = 16
165 / 15 = 11
170 / 10 = 17
176 / 16 = 11
180 / 10 = 18
187 / 17 = 11
190 / 10 = 19
 
===> 047/2/laurent-rosenfeld.pl <===
100 105 108 110 120 121 130 132 135 140 143 150 154 160 165 170 176 180 187 190
 
===> 047/2/lubos-kolouch.pl <===
100
105
108
110
120
121
130
132
135
140
143
150
154
160
165
170
176
180
187
190
 
===> 047/2/mohammad-anwar.pl <===
100 / 10
105 / 15
108 / 18
110 / 10
120 / 10
121 / 11
130 / 10
132 / 12
135 / 15
140 / 10
143 / 13
150 / 10
154 / 14
160 / 10
165 / 15
170 / 10
176 / 16
180 / 10
187 / 17
190 / 10
192 / 12
 
===> 047/2/phillip-harris.pl <===
100
105
108
110
120
121
130
132
135
140
143
150
154
160
165
170
176
180
187
190
 
===> 047/2/ruben-westerberg.pl <===
100 105 108 110 120 121 130 132 135 140 143 150 154 160 165 170 176 180 187 190 
===> 047/2/ryan-thompson.pl <===
100
105
108
110
120
121
130
132
135
140
143
150
154
160
165
170
176
180
187
190
 
===> 047/2/saiftynet.pl <===
1 100
2 105
3 108
4 110
5 120
6 121
7 130
8 132
9 135
10 140
11 143
12 150
13 154
14 160
15 165
16 170
17 176
18 180
19 187
20 190
 
===> 047/2/steven-wilson.pl <===
100 105 108 110 120 121 130 132 135 140 143 150 154 160 165 170 176 180 187 190
 
===> 047/2/ulrich-rieke.pl <===
100 105 108 110 120 121 130 132 135 140 143 150 154 160 165 170 176 180 187 190 
 
===> 047/2/user-person.pl <===
100 105 108 110 120 121 130 132 135 140 143 150 154 160 165 170 176 180 187 190 
 
===> 047/2/wanderdoc.pl <===
1 100
2 105
3 108
4 110
5 120
6 121
7 130
8 132
9 135
10 140
11 143
12 150
13 154
14 160
15 165
16 170
17 176
18 180
19 187
20 190
