 
===> 197/2/0rir.raku <===
1..19
ok 1 -  dies on []
ok 2 -  dies on 1 1 1 2
ok 3 -  dies on 0 0 0 0 2 2
ok 4 -  dies on -1 -1 -1 -1 -1 2 2
ok 5 -  -> [1]
ok 6 -  -> [1 2]
ok 7 -  -> [1 2]
ok 8 -  -> [-3 2 -1 4]
ok 9 -  -> [-3 2 -1 4 0]
ok 10 -  -> [1 3 2 4]
ok 11 -  -> [1 4 1 5 1 6]
ok 12 -  -> [1 2 1 3 2 3]
ok 13 -  -> [1 2 1 2 1]
ok 14 -  -> [1 4 2 5 3]
ok 15 -  -> [1 4 1 5 1 6 2]
ok 16 -  -> [1 2 1 2 1 2 1]
ok 17 -  -> [1 6 2 7 3 8 4 9 5 10]
ok 18 -  -> [1 501 2 502 3 503 4 504 5 505 6 506 7 507 8 508 9 509 10 510 11 511 12 512 13 513 14 514 15 515 16 516 17 517 18 518 19 519 20 520 21 521 22 522 23 523 24 524 25 525 26 526 27 527 28 528 29 529 30 530 31 531 32 532 33 533 34 534 35 535 36 536 37 537 38 538 39 539 40 540 41 541 42 542 43 543 44 544 45 545 46 546 47 547 48 548 49 549 50 550 ...]
ok 19 -  -> [1 30001 2 30002 3 30003 4 30004 5 30005 6 30006 7 30007 8 30008 9 30009 10 30010 11 30011 12 30012 13 30013 14 30014 15 30015 16 30016 17 30017 18 30018 19 30019 20 30020 21 30021 22 30022 23 30023 24 30024 25 30025 26 30026 27 30027 28 30028 29 30029 30 30030 31 30031 32 30032 33 30033 34 30034 35 30035 36 30036 37 30037 38 30038 39 30039 40 30040 41 30041 42 30042 43 30043 44 30044 45 30045 46 30046 47 30047 48 30048 49 30049 50 30050 ...]

    Input: @list = [1, 2, 3, 4, 5, 6, 7, 8, 9, 10]
    Output:        [1, 6, 2, 7, 3, 8, 4, 9, 5, 10]
 
===> 197/2/arne-sommer.raku <===
(2,5,1,4,0,3)
 
===> 197/2/athanasius.raku <===
Running the test suite
ok 1 - Example 1
ok 2 - Example 1
ok 3 - Example 2
ok 4 - Example 2
ok 5 - Short
ok 6 - Short
ok 7 - Not sortable
ok 8 - Distinct
ok 9 - Distinct
ok 10 - Single
ok 11 - Single
ok 12 - Negatives
ok 13 - Negatives
1..13
 
===> 197/2/bruce-gray.raku <===
1..15
ok 1 - 1 : task2_splice_zip
ok 2 - 1 : task2_skip_head_zip
ok 3 - 1 : task2_feed_by_key
ok 4 - 1 : task2_scsv
ok 5 - 1 : task2_scsv-alt
ok 6 - 2 : task2_splice_zip
ok 7 - 2 : task2_skip_head_zip
ok 8 - 2 : task2_feed_by_key
ok 9 - 2 : task2_scsv
ok 10 - 2 : task2_scsv-alt
ok 11 - # SKIP Cannot handle odd sizes : 3 : task2_splice_zip 
ok 12 - # SKIP Cannot handle odd sizes : 3 : task2_skip_head_zip 
ok 13 - 3 : task2_feed_by_key
ok 14 - 3 : task2_scsv
ok 15 - 3 : task2_scsv-alt
 
===> 197/2/deadmarshal.raku <===
[1 5 1 6 1 4]
[1 3 2 3 1 2]
 
===> 197/2/feng-chang.raku <===
0, 3, 1, 4, 2, 5
 
===> 197/2/laurent-rosenfeld.raku <===
1 5 1 1 6 4          => [1 5 1 6 1 4]
1 3 2 2 3 1          => [1 3 2 3 1 2]
8 12 11 13 9         => [8 12 11 13 9]
1 2 3 4 5 6 7 8 9    => [1 3 2 5 4 7 6 9 8]
 
===> 197/2/luca-ferrari.raku <===
0,1,2,3,4,5
0,2,1,4,3,5
 
===> 197/2/mark-anderson.raku <===
ok 1 - 
ok 2 - 
ok 3 - 
ok 4 - 
ok 5 - 
 
===> 197/2/polettix.raku <===
(1,4,1,5,1,6)
 
===> 197/2/roger-bell-west.raku <===
1..8
ok 1 - example 1
ok 2 - example 2
ok 3 - example 3
ok 4 - example 4
ok 5 - example 5
ok 6 - example 6
ok 7 - example 7
ok 8 - example 8
 
===> 197/2/steve-g-lynn.raku <===
(5 6 1 4 1 1)
(3 3 2 2 1 1)
(4 5 2 3 1)
(3 4 1 2)
 
===> 197/2/ulrich-rieke.raku <===
(0,2,1,4,3,5)
(0,2,1,5,3,4)
(0,3,1,4,2,5)
(0,3,1,5,2,4)
(0,3,2,4,1,5)
(0,3,2,5,1,4)
(0,4,1,3,2,5)
(0,4,1,5,2,3)
(0,4,2,3,1,5)
(0,4,2,5,1,3)
(0,4,3,5,1,2)
(0,5,1,3,2,4)
(0,5,1,4,2,3)
(0,5,2,3,1,4)
(0,5,2,4,1,3)
(0,5,3,4,1,2)
(1,2,0,4,3,5)
(1,2,0,5,3,4)
(1,3,0,4,2,5)
(1,3,0,5,2,4)
(1,3,2,4,0,5)
(1,3,2,5,0,4)
(1,4,0,3,2,5)
(1,4,0,5,2,3)
(1,4,2,3,0,5)
(1,4,2,5,0,3)
(1,4,3,5,0,2)
(1,5,0,3,2,4)
(1,5,0,4,2,3)
(1,5,2,3,0,4)
(1,5,2,4,0,3)
(1,5,3,4,0,2)
(2,3,0,4,1,5)
(2,3,0,5,1,4)
(2,3,1,4,0,5)
(2,3,1,5,0,4)
(2,4,0,3,1,5)
(2,4,0,5,1,3)
(2,4,1,3,0,5)
(2,4,1,5,0,3)
(2,4,3,5,0,1)
(2,5,0,3,1,4)
(2,5,0,4,1,3)
(2,5,1,3,0,4)
(2,5,1,4,0,3)
(2,5,3,4,0,1)
(3,4,0,2,1,5)
(3,4,0,5,1,2)
(3,4,1,2,0,5)
(3,4,1,5,0,2)
(3,4,2,5,0,1)
(3,5,0,2,1,4)
(3,5,0,4,1,2)
(3,5,1,2,0,4)
(3,5,1,4,0,2)
(3,5,2,4,0,1)
(4,5,0,2,1,3)
(4,5,0,3,1,2)
(4,5,1,2,0,3)
(4,5,1,3,0,2)
(4,5,2,3,0,1)
 
===> 197/2/wambash.raku <===
ok 1 - 
ok 2 - 
1..2
