 
===> 149/1/abigail.pl <===
0 1 2 3 5 8 10 11 12 14 17 20 21 23 26 30 32 35 41 44 
 
===> 149/1/arne-sommer.pl <===
f(20)=[0, 1, 2, 3, 5, 8, 10, 11, 12, 14, 17, 20, 21, 23, 26, 30, 32, 35, 41, 44]
 
===> 149/1/athanasius.pl <===
f(20) = [0, 1, 2, 3, 5, 8, 10, 11, 12, 14, 17, 20, 21, 23, 26, 30, 32, 35, 41, 44]
 
===> 149/1/bruce-gray.pl <===
0, 1, 2, 3, 5, 8, 10, 11, 12, 14, 17, 20, 21, 23, 26, 30, 32, 35, 41, 44
 
===> 149/1/colin-crain.pl <===
0, 1, 2, 3, 5, 8, 10, 11, 12, 14, 17, 20, 21, 23, 26, 30, 32, 35, 41, 44
 
===> 149/1/dave-jacoby.pl <===
0 1 2 3 5 8 10 11 12 14 17 20 21 23 26 30 32 35 41 44
 
===> 149/1/james-smith.pl <===
0 1 2 3 5 8 10 11 12 14 17 20 21 23 26 30 32 35 41 44 
 
===> 149/1/jo-37.pl <===
# Seeded srand with seed '1234' from import arg.
ok 1 - example 1
1..1
 
===> 149/1/laurent-rosenfeld.pl <===
0 1 2 3 5 8 10 11 12 14 17 20 21 23 26 30 32 35 41 44
 
===> 149/1/lubos-kolouch.pl <===
ok 1
1..1
 
===> 149/1/mohammad-anwar.pl <===
ok 1 - example
1..1
 
===> 149/1/pete-houston.pl <===
f(20) = [0, 1, 2, 3, 5, 8, 10, 11, 12, 14, 17, 20, 21, 23, 26, 30, 32, 35, 41, 44]
 
===> 149/1/peter-campbell-smith.pl <===
f(20) = (0, 1, 2, 3, 5, 8, 10, 11, 12, 14, 17, 20, 21, 23, 26, 30, 32, 35, 41, 44)
 
===> 149/1/polettix.pl <===
0 1 2 3 5 8 10 11 12 14 17 20 21 23 26 30 32 35 41 44 
 
===> 149/1/robert-dicicco.pl <===
0 1 2 3 5 8 10 11 12 14 17 20 21 23 26 30 32 35 41 44  
===> 149/1/roger-bell-west.pl <===
1..3
ok 1 - example 1
ok 2 - example 2
ok 3 - example 3
 
===> 149/1/sgreen.pl <===
0, 1, 2, 3, 5, 8, 10, 11, 12, 14, 17, 20, 21, 23, 26, 30, 32, 35, 41, 44
 
===> 149/1/ulrich-rieke.pl <===
0,1,2,3,5,8,10,11,12,14,17,20,21,23,26,30,32,35,41,44
