 
===> 149/1/arne-sommer.raku <===
f(20)=[0, 1, 2, 3, 5, 8, 10, 11, 12, 14, 17, 20, 21, 23, 26, 30, 32, 35, 41, 44]
ok 1 - 
 
===> 149/1/athanasius.raku <===
f(20) = [0, 1, 2, 3, 5, 8, 10, 11, 12, 14, 17, 20, 21, 23, 26, 30, 32, 35, 41, 44]
ok 1 - 
 
===> 149/1/bruce-gray.raku <===
0, 1, 2, 3, 5, 8, 10, 11, 12, 14, 17, 20, 21, 23, 26, 30, 32, 35, 41, 44
ok 1 - 
 
===> 149/1/colin-crain.raku <===
0 1 2 3 5 8 10 11 12 14 17 20 21 23 26 30 32 35 41 44 49 50 53 58 62
ok 1 - 
 
===> 149/1/laurent-rosenfeld.raku <===
0 1 2 3 5 8 10 11 12 14 17 20 21 23 26 30 32 35 41 44
ok 1 - 
 
===> 149/1/luca-ferrari.raku <===
1,2,3,5,8,10,11,12,14,17,20,21,23,26,30,32,35,41,44,49
ok 1 - 
 
===> 149/1/mark-anderson.raku <===
ok 1 - 
ok 2 - 
 
===> 149/1/mohammad-anwar.raku <===
ok 1 - Example
1..1
 
===> 149/1/polettix.raku <===
0 1 2 3 5 8 10 11 12 14 17 20 21 23 26 30 32 35 41 44 
ok 1 - 
 
===> 149/1/roger-bell-west.raku <===
1..3
ok 1 - example 1
ok 2 - example 2
ok 3 - example 3
 
===> 149/1/ulrich-rieke.raku <===
0,1,2,3,5,8,10,11,12,14,17,20,21,23,26,30,32,35,41,44
ok 1 - 
 
===> 149/1/wambash.raku <===
ok 1 - 
ok 2 - 
ok 3 - 
ok 4 - 
1..4
0 1 2 3 5 8 10 11 12 14 17 20 21 23 26 30 32 35 41 44
