f(20)=[0, 1, 2, 3, 5, 8, 10, 11, 12, 14, 17, 20, 21, 23, 26, 30, 32, 35, 41, 44]
ok 1 - 
f(20) = [0, 1, 2, 3, 5, 8, 10, 11, 12, 14, 17, 20, 21, 23, 26, 30, 32, 35, 41, 44]
ok 1 - 
0, 1, 2, 3, 5, 8, 10, 11, 12, 14, 17, 20, 21, 23, 26, 30, 32, 35, 41, 44
ok 1 - 
0 1 2 3 5 8 10 11 12 14 17 20 21 23 26 30 32 35 41 44 49 50 53 58 62
ok 1 - 
0 1 2 3 5 8 10 11 12 14 17 20 21 23 26 30 32 35 41 44
ok 1 - 
1,2,3,5,8,10,11,12,14,17,20,21,23,26,30,32,35,41,44,49
ok 1 - 
ok 1 - 
ok 2 - 
ok 1 - Example
1..1
0 1 2 3 5 8 10 11 12 14 17 20 21 23 26 30 32 35 41 44 
ok 1 - 
1..3
ok 1 - example 1
ok 2 - example 2
ok 3 - example 3
0,1,2,3,5,8,10,11,12,14,17,20,21,23,26,30,32,35,41,44
ok 1 - 
ok 1 - 
ok 2 - 
ok 3 - 
ok 4 - 
1..4
0 1 2 3 5 8 10 11 12 14 17 20 21 23 26 30 32 35 41 44
