 
===> 144/1/adam-russell.pl <===
4 6 9 10 14 15 21 22 25 26 33 34 35 38 39 46 49 51 55 57 58 62 65 69 74 77 82 85 86 87 91 93 94 95 
 
===> 144/1/athanasius.pl <===
The semiprimes <= 100 are:

4, 6, 9, 10, 14, 15, 21, 22, 25, 26, 33, 34, 35, 38, 39, 46, 49, 51, 55, 57, 58, 62, 65, 69, 74, 77, 82, 85, 86, 87, 91, 93, 94, 95
 
===> 144/1/colin-crain.pl <===
4 6 9 10 14 15 21 22 25 26 33 34 35 38 39 46 49 51 55 57 58 62 65 69 74 77 82 85 86 87 91 93 94 95 
 
===> 144/1/cristian-heredia.pl <===
4, 6, 9, 10, 14, 15, 21, 22, 25, 26, 33, 34, 35, 38, 39, 46, 49, 51, 55, 57, 58, 62, 65, 69, 74, 77, 82, 85, 86, 87, 91, 93, 94, 95 
===> 144/1/e-choroba.pl <===
# Seeded srand with seed '1234' from import arg.
1..6
ok 1 - Example 1
ok 2 - Example 2
ok 3 - One
ok 4 - Prime
ok 5 - Three primes
ok 6 - List <= 100
 
===> 144/1/jaldhar-h-vyas.pl <===
4, 6, 9, 10, 14, 15, 21, 22, 25, 26, 33, 34, 35, 38, 39, 46, 49, 51, 55, 57, 58, 62, 65, 69, 74, 77, 82, 85, 86, 87, 91, 93, 94, 95
 
===> 144/1/james-smith.pl <===
4 6 9 10 14 15 21 22 25 26 33 34 35 38 39 46 49 51 55 57 58 62 65 69 74 77 82 85 86 87 91 93 94 95
4 6 9 10 14 15 21 22 25 26 33 34 35 38 39 46 49 51 55 57 58 62 65 69 74 77 82 85 86 87 91 93 94 95
4 6 9 10 14 15 21 22 25 26 33 34 35 38 39 46 49 51 55 57 58 62 65 69 74 77 82 85 86 87 91 93 94 95
 
===> 144/1/perlboy1967.pl <===
Semiprimes <= 100 = 6,10,14,15,21,22,26,33,34,35,38,39,46,51,55,57,58,62,65,69,74,77,82,85,86,87,91,93,94,95
 
===> 144/1/polettix.pl <===
4, 6, 9, 10, 14, 15, 21, 22, 25, 26, 33, 34, 35, 38, 39, 46, 49, 51, 55, 57, 58, 62, 65, 69, 74, 77, 82, 85, 86, 87, 91, 93, 94, 95
 
===> 144/1/robert-dicicco.pl <===
Results: 4 6 9 10 14 15 21 22 25 26 33 34 35 38 39 46 49 51 55 57 58 62 65 69 74 77 82 85 86 87 91 93 94 95
Expected: 4 6 9 10 14 15 21 22 25 26 33 34 35 38 39 46 49 51 55 57 58 62 65 69 74 77 82 85 86 87 91 93 94 95
ok 1 - semiprimes
1..1
 
===> 144/1/roger-bell-west.pl <===
1..1
ok 1 - example 1
 
===> 144/1/ulrich-rieke.pl <===
4,6,9,10,14,15,21,22,25,26,33,34,35,38,39,46,49,51,55,57,58,62,65,69,74,77,82,85,86,87,91,93,94,95
