 
===> 055/2/arne-sommer.raku <===
(1 0 3 2)
(2 0 3 1)
(2 1 3 0)
(3 0 2 1)
(3 1 2 0)
 
===> 055/2/colin-crain.raku <===
1, 0, 3, 2
2, 0, 3, 1
2, 1, 3, 0
3, 0, 2, 1
3, 1, 2, 0
 
===> 055/2/jaldhar-h-vyas.raku <===
3,0,2,1
 
===> 055/2/javier-luque.raku <===
2 1 4 3
3 1 4 2
3 2 4 1
4 1 3 2
4 2 3 1
 
===> 055/2/laurent-rosenfeld.raku <===
2 1 4 3
3 1 4 2
3 2 4 1
4 1 3 2
4 2 3 1
 
===> 055/2/luca-ferrari.raku <===
Waving 1 2 3 4 of 4 elements 
Found wave 2 1 4 3
Found wave 3 1 4 2
Found wave 3 2 4 1
Found wave 4 1 3 2
Found wave 4 2 3 1
 
===> 055/2/mark-anderson.raku <===
1 0 3 2
2 0 3 1
2 1 3 0
3 0 2 1
3 1 2 0
 
===> 055/2/mohammad-anwar.raku <===
[2,1,4,3]
[3,1,4,2]
[3,2,4,1]
[4,1,3,2]
[4,2,3,1]
 
===> 055/2/noud.raku <===
[[1]]
[[2 1]]
[[3 1 2] [2 1 3]]
[[4 2 3 1] [4 1 3 2] [3 2 4 1] [3 1 4 2] [2 1 4 3]]
[[5 3 4 1 2] [5 2 4 1 3] [5 2 3 1 4] [5 1 4 2 3] [5 1 3 2 4] [4 3 5 1 2] [4 2 5 1 3] [4 2 3 1 5] [4 1 5 2 3] [4 1 3 2 5] [3 2 5 1 4] [3 2 4 1 5] [3 1 5 2 4] [3 1 4 2 5] [2 1 5 3 4] [2 1 4 3 5]]
 
===> 055/2/ruben-westerberg.raku <===
(2 1 4 3)
(3 1 4 2)
(3 2 4 1)
(4 1 3 2)
(4 2 3 1)
 
===> 055/2/simon-proctor.raku <===
1,0,3,2
2,0,3,1
2,1,3,0
3,0,2,1
3,1,2,0
 
===> 055/2/stuart-little.raku <===
(0 1 3 2)
(0 2 3 1)
(1 0 3 2)
(2 0 3 1)
(2 1 3 0)
(3 0 2 1)
(3 1 2 0)
 
===> 055/2/ulrich-rieke.raku <===
(1 0 3 2)
(2 0 3 1)
(2 1 3 0)
(3 0 2 1)
(3 1 2 0)
