 
===> 175/2/adam-russell.pl <===
3, 9, 15, 27, 39, 81, 111, 183, 243, 255, 327, 363, 471, 729, 2187, 2199, 3063, 4359, 4375, 5571
 
===> 175/2/athanasius.pl <===
The first 20 Perfect Totient Numbers:

3, 9, 15, 27, 39, 81, 111, 183, 243, 255, 327, 363, 471, 729, 2187, 2199, 3063, 4359, 4375, 5571
 
===> 175/2/bruce-gray.pl <===
3 9 15 27 39 81 111 183 243 255 327 363 471 729 2187 2199 3063 4359 4375 5571
 
===> 175/2/cheok-yin-fung.pl <===
3
9
15
27
39
81
111
183
243
255
327
363
471
729
2187
2199
3063
4359
4375
5571
 
===> 175/2/colin-crain.pl <===
9 15 27 39 81 111 183 243 255 327 363 471 729 2187 2199 3063 4359 4375 5571
 
===> 175/2/e-choroba.pl <===
1..1
ok 1
 
===> 175/2/jaldhar-h-vyas.pl <===
3, 9, 15, 27, 39, 81, 111, 183, 243, 255, 327, 363, 471, 729, 2187, 2199, 3063, 4359, 4375, 5571
 
===> 175/2/james-smith.pl <===
  1          3
  2          9
  3         15
  4         27
  5         39
  6         81
  7        111
  8        183
  9        243
 10        255
 11        327
 12        363
 13        471
 14        729
 15       2187
 16       2199
 17       3063
 18       4359
 19       4375
 20       5571
  1          3
  2          9
  3         15
  4         27
  5         39
  6         81
  7        111
  8        183
  9        243
 10        255
 11        327
 12        363
 13        471
 14        729
 15       2187
 16       2199
 17       3063
 18       4359
 19       4375
 20       5571
 
===> 175/2/kjetillll.pl <===
3
9
15
27
39
81
111
183
243
255
327
363
471
729
2187
2199
3063
4359
4375
5571
 
===> 175/2/laurent-rosenfeld.pl <===
3 9 15 27 39 81 111 183 243 255 
 
===> 175/2/mohammad-anwar.pl <===
# Seeded srand with seed '1' from import arg.
ok 1
1..1
 
===> 175/2/polettix.pl <===
3
9
15
27
39
81
111
183
243
255
327
363
471
729
2187
2199
3063
4359
4375
5571
 
===> 175/2/roger-bell-west.pl <===
1..1
ok 1 - example 1
 
===> 175/2/steve-g-lynn.pl <===
3 9 15 27 39 81 111 183 243 255 327 363 471 729 2187 2199 3063 4359 4375 5571 
 
===> 175/2/wlmb.pl <===
1: 3
2: 9
3: 15
4: 27
5: 39
6: 81
7: 111
8: 183
9: 243
10: 255
11: 327
12: 363
13: 471
14: 729
15: 2187
16: 2199
17: 3063
18: 4359
19: 4375
20: 5571
