 
===> 175/2/0rir.raku <===
The first 10 perfect-totients (ugh, give me 77 seconds or so): 
  3, 9, 15, 27, 39, 81, 111, 183, 243, 255.
 
===> 175/2/2colours.raku <===
3, 9, 15, 27, 39, 81, 111, 183, 243, 255
 
===> 175/2/arne-sommer.raku <===
3, 9, 15, 27, 39, 81, 111, 183, 243, 255, 327, 363
 
===> 175/2/athanasius.raku <===
The first 12 Perfect Totient Numbers:

3, 9, 15, 27, 39, 81, 111, 183, 243, 255, 327, 363
 
===> 175/2/bruce-gray.raku <===
(3 9 15 27 39 81 111 183 243 255 327 363)
3 9 15 27 39 81 111 183 243 255 327 363 471 729 2187 2199 
 
===> 175/2/cheok-yin-fung.raku <===
3
9
15
27
39
81
111
183
243
255
327
363
471
729
2187
2199
 
===> 175/2/jaldhar-h-vyas.raku <===
3, 9, 15, 27, 39, 81, 111, 183, 243, 255, 327, 363, 471, 729, 2187
 
===> 175/2/laurent-rosenfeld.raku <===
3 9 15 27 39 81 111 183 243 255 327 363 471 729 2187 2199 
 
===> 175/2/luca-ferrari.raku <===
3, 9, 15, 27, 39, 81, 111, 183, 243, 255, 327, 363, 471, 729, 2187, 2199, 3063
 
===> 175/2/mohammad-anwar.raku <===
ok 1 - 
1..1
 
===> 175/2/polettix.raku <===
3
9
15
27
39
81
111
183
243
255
327
363
471
729
2187
2199
 
===> 175/2/roger-bell-west.raku <===
1..1
ok 1 - example 1
 
===> 175/2/ulrich-rieke.raku <===
[3 9 15 27 39 81 111 183 243 255 327 363 471 729]
 
===> 175/2/wambash.raku <===
3
9
15
27
39
81
111
183
243
255
327
363
471
729
2187
2199
