 
===> 267/1/0rir.raku <===
1..16
ok 1 - Int <- ()
ok 2 - Int <- (0)
ok 3 - Int <- (-1)
ok 4 - Int <- (1)
ok 5 - -1 <- (1 -1)
ok 6 - 1 <- (1 1)
ok 7 - 0 <- (0 0)
ok 8 - 0 <- (1 0)
ok 9 - 0 <- (-1 0)
ok 10 - 1 <- (-1 -2 -3 -4 3 2 1)
ok 11 - 0 <- (1 2 0 -2 -1)
ok 12 - -1 <- (-1 -1 1 -1 2)
ok 13 - 1 <- (-1 -1 -1 -1 -1 -1 -1 -1 -1 -1 -1 -1 -1 -1 -1 -1 -1 -1 -1 -1 -1 -1 -1 -1 -1 -1 -1 -1 -1 -1 -1 -1 -1 -1 -1 -1 -1 -1 -1 -1 -1 -1 -1 -1 -1 -1 -1 -1 -1 -1 -1 -1 -1 -1 -1 -1 -1 -1 -1 -1 -1 -1 -1 -1 -1 -1 -1 -1 -1 -1 -1 -1 -1 -1 -1 -1 -1 -1 -1 -1 -1 -1 -1 -1 -1 -1 -1 -1 -1 -1 -1 -1 -1 -1 -1 -1 -1 -1 -1 -1 ...)
ok 14 - -1 <- (-1 -1 -1 -1 -1 -1 -1 -1 -1 -1 -1 -1 -1 -1 -1 -1 -1 -1 -1 -1 -1 -1 -1 -1 -1 -1 -1 -1 -1 -1 -1 -1 -1 -1 -1 -1 -1 -1 -1 -1 -1 -1 -1 -1 -1 -1 -1 -1 -1 -1 -1 -1 -1 -1 -1 -1 -1 -1 -1 -1 -1 -1 -1 -1 -1 -1 -1 -1 -1 -1 -1 -1 -1 -1 -1 -1 -1 -1 -1 -1 -1 -1 -1 -1 -1 -1 -1 -1 -1 -1 -1 -1 -1 -1 -1 -1 -1 -1 -1 -1 ...)
ok 15 - 0 <- (0 -1 -1 -1 -1 -1 -1 -1 -1 -1 -1 -1 -1 -1 -1 -1 -1 -1 -1 -1 -1 -1 -1 -1 -1 -1 -1 -1 -1 -1 -1 -1 -1 -1 -1 -1 -1 -1 -1 -1 -1 -1 -1 -1 -1 -1 -1 -1 -1 -1 -1 -1 -1 -1 -1 -1 -1 -1 -1 -1 -1 -1 -1 -1 -1 -1 -1 -1 -1 -1 -1 -1 -1 -1 -1 -1 -1 -1 -1 -1 -1 -1 -1 -1 -1 -1 -1 -1 -1 -1 -1 -1 -1 -1 -1 -1 -1 -1 -1 -1 ...)
ok 16 - 0 <- (-1 -1 -1 -1 -1 -1 -1 -1 -1 -1 -1 -1 -1 -1 -1 -1 -1 -1 -1 -1 -1 -1 -1 -1 -1 -1 -1 -1 -1 -1 -1 -1 -1 -1 -1 -1 -1 -1 -1 -1 -1 -1 -1 -1 -1 -1 -1 -1 -1 -1 -1 -1 -1 -1 -1 -1 -1 -1 -1 -1 -1 -1 -1 -1 -1 -1 -1 -1 -1 -1 -1 -1 -1 -1 -1 -1 -1 -1 -1 -1 -1 -1 -1 -1 -1 -1 -1 -1 -1 -1 -1 -1 -1 -1 -1 -1 -1 -1 -1 -1 ...)

Input: @int = -1 -1 -1 -1 -1 -1 -1 -1 -1 -1 -1 1 1 1 1 1 1 1 1 1 1
Output: -1
 
===> 267/1/arne-sommer.raku <===
1
 
===> 267/1/athanasius.raku <===

Challenge 267, Task #1: Product Sign (Raku)

Running the test suite
ok 1 - Example 1
ok 2 - Example 2
ok 3 - Example 3
1..3
 
===> 267/1/barroff.raku <===
1..3
ok 1 - works for (-1, -2, -3, -4, 3, 2, 1)
ok 2 - works for (1, 2, 0, -2, -1)
ok 3 - works for (-1, -1, 1, -1, 2)
 
===> 267/1/bruce-gray.raku <===
1..4
ok 1 - 
ok 2 - 
ok 3 - 
ok 4 - 
 
===> 267/1/feng-chang.raku <===
1
 
===> 267/1/laurent-rosenfeld.raku <===
-1 -2 -3 -4 3 2 1  => 1
1 2 0 -2 -1        => 0
-1 -1 1 -1 2       => -1
 
===> 267/1/luca-ferrari.raku <===
1
 
===> 267/1/mark-anderson.raku <===
ok 1 - 
ok 2 - 
ok 3 - 
ok 4 - 
 
===> 267/1/packy-anderson.raku <===
Example 1:
Input: @arr = (-1, -2, -3, -4, 3, 2, 1)
Output: 1
The product -1 × -2 × -3 × -4 × 3 × 2 × 1 => 144 > 0

Example 2:
Input: @arr = (1, 2, 0, -2, -1)
Output: 0
The product 1 × 2 × 0 × -2 × -1 => 0

Example 3:
Input: @arr = (-1, -1, 1, -1, 2)
Output: -1
The product -1 × -1 × 1 × -1 × 2 => -2 < 0
 
===> 267/1/roger-bell-west.raku <===
1..3
ok 1 - example 1
ok 2 - example 2
ok 3 - example 3
 
===> 267/1/ulrich-rieke.raku <===
1
 
===> 267/1/wambash.raku <===
ok 1 - 
ok 2 - 
ok 3 - 
1..3
