 
===> 128/1/adam-russell.pl <===
[0 0]
[0 0]
[0 0]
 
===> 128/1/bruce-gray.pl <===
---
[ 0 0 ]
[ 0 0 ]
[ 0 0 ]
---
[ 0 0 ]
[ 0 0 ]
[ 0 0 ]
---
[ 0 0 0 0 0 0 0 0 0 0 0 0 0 0 0 0 ]
---
[ 0 ]
[ 0 ]
[ 0 ]
[ 0 ]
[ 0 ]
[ 0 ]
[ 0 ]
[ 0 ]
---
 
===> 128/1/cheok-yin-fung.pl <===
1..5
Input:
[1 1]
[1 1]
Output:
[]
ok 1 - Example 1
ok 2 - Example 2
ok 3 - Test 1
ok 4 - Test 2
ok 5 - Test 3
 
===> 128/1/colin-crain.pl <===
[ 0 0 0 ]
[ 0 0 0 ]
[ 0 0 0 ]
[ 0 0 0 ]
 
===> 128/1/dave-jacoby.pl <===
INPUT:
	 [ 1 0 0 0 1 0 ]
	 [ 1 1 0 0 0 1 ]
	 [ 1 0 0 0 0 0 ]
OUTPUT:
	 [ 0 0 ]
	 [ 0 0 ]
	 [ 0 0 ]

INPUT:
	 [ 0 0 1 1 ]
	 [ 0 0 0 1 ]
	 [ 0 0 1 0 ]
OUTPUT:
	 [ 0 0 ]
	 [ 0 0 ]
	 [ 0 0 ]

INPUT:
	 [ 1 1 0 0 1 0 1 0 ]
	 [ 0 0 0 0 1 0 1 0 ]
	 [ 0 0 0 0 0 1 1 0 ]
	 [ 1 1 1 1 0 0 0 1 ]
	 [ 1 1 0 1 0 0 0 1 ]
OUTPUT:
	 [ 0 0 0 0 ]
	 [ 0 0 0 0 ]

 
===> 128/1/e-choroba.pl <===
# Seeded srand with seed '1234' from import arg.
1..3
ok 1 - Example 1
ok 2 - Example 2
ok 3 - Large
 
===> 128/1/james-smith.pl <===
ok 1
ok 2
1..2
 
===> 128/1/polettix.pl <===

[ 1 0 0 0 1 0 ]
[ 1 1 0 0 0 1 ]
[ 1 0 0 0 0 0 ]
---
[ 0 0 ]
[ 0 0 ]
[ 0 0 ]

--------


[ 0 0 1 1 ]
[ 0 0 0 1 ]
[ 0 0 1 0 ]
---
[ 0 0 ]
[ 0 0 ]
[ 0 0 ]

--------


[ 0 1 0 1 ]
[ 1 0 1 0 ]
[ 0 1 0 1 ]
[ 1 0 1 0 ]
---
[ 0 ]

--------


[ 1 0 0 0 1 0 ]
[ 1 0 1 0 0 1 ]
[ 1 0 0 0 0 0 ]
---
[ 0 0 0 0 0 ]

--------

 
===> 128/1/roger-bell-west.pl <===
1..2
ok 1 - example 1
ok 2 - example 2
