 
===> 150/2/abigail.pl <===
1 2 3 5 6 7 10 11 13 14 15 17 19 21 22 23 26 29 30 31 33 34 35 37 38 39 41 42 43 46 47 51 53 55 57 58 59 61 62 65 66 67 69 70 71 73 74 77 78 79 82 83 85 86 87 89 91 93 94 95 97 101 102 103 105 106 107 109 110 111 113 114 115 118 119 122 123 127 129 130 131 133 134 137 138 139 141 142 143 145 146 149 151 154 155 157 158 159 161 163 165 166 167 170 173 174 177 178 179 181 182 183 185 186 187 190 191 193 194 195 197 199 201 202 203 205 206 209 210 211 213 214 215 217 218 219 221 222 223 226 227 229 230 231 233 235 237 238 239 241 246 247 249 251 253 254 255 257 258 259 262 263 265 266 267 269 271 273 274 277 278 281 282 283 285 286 287 290 291 293 295 298 299 301 302 303 305 307 309 310 311 313 314 317 318 319 321 322 323 326 327 329 330 331 334 335 337 339 341 345 346 347 349 353 354 355 357 358 359 362 365 366 367 370 371 373 374 377 379 381 382 383 385 386 389 390 391 393 394 395 397 398 399 401 402 403 406 407 409 410 411 413 415 417 418 419 421 422 426 427 429 430 431 433 434 435 437 438 439 442 443 445 446 447 449 451 453 454 455 457 458 461 462 463 465 466 467 469 470 471 473 474 478 479 481 482 483 485 487 489 491 493 494 497 498 499
 
===> 150/2/alexander-pankoff.pl <===
1, 2, 3, 5, 6, 7, 10, 11, 13, 14, 15, 17, 19, 21, 22, 23, 26, 29, 30, 31, 33, 34, 35, 37, 38, 39, 41, 42, 43, 46, 47, 51, 53, 55, 57, 58, 59, 61, 62, 65, 66, 67, 69, 70, 71, 73, 74, 77, 78, 79, 82, 83, 85, 86, 87, 89, 91, 93, 94, 95, 97, 101, 102, 103, 105, 106, 107, 109, 110, 111, 113, 114, 115, 118, 119, 122, 123, 127, 129, 130, 131, 133, 134, 137, 138, 139, 141, 142, 143, 145, 146, 149, 151, 154, 155, 157, 158, 159, 161, 163, 165, 166, 167, 170, 173, 174, 177, 178, 179, 181, 182, 183, 185, 186, 187, 190, 191, 193, 194, 195, 197, 199, 201, 202, 203, 205, 206, 209, 210, 211, 213, 214, 215, 217, 218, 219, 221, 222, 223, 226, 227, 229, 230, 231, 233, 235, 237, 238, 239, 241, 246, 247, 249, 251, 253, 254, 255, 257, 258, 259, 262, 263, 265, 266, 267, 269, 271, 273, 274, 277, 278, 281, 282, 283, 285, 286, 287, 290, 291, 293, 295, 298, 299, 301, 302, 303, 305, 307, 309, 310, 311, 313, 314, 317, 318, 319, 321, 322, 323, 326, 327, 329, 330, 331, 334, 335, 337, 339, 341, 345, 346, 347, 349, 353, 354, 355, 357, 358, 359, 362, 365, 366, 367, 370, 371, 373, 374, 377, 379, 381, 382, 383, 385, 386, 389, 390, 391, 393, 394, 395, 397, 398, 399, 401, 402, 403, 406, 407, 409, 410, 411, 413, 415, 417, 418, 419, 421, 422, 426, 427, 429, 430, 431, 433, 434, 435, 437, 438, 439, 442, 443, 445, 446, 447, 449, 451, 453, 454, 455, 457, 458, 461, 462, 463, 465, 466, 467, 469, 470, 471, 473, 474, 478, 479, 481, 482, 483, 485, 487, 489, 491, 493, 494, 497, 498, 499
 
===> 150/2/athanasius.pl <===
The square-free integers between 1 and 500 (inclusive) are:
  1,   2,   3,   5,   6,   7,  10,  11,  13,  14,  15,  17,  19,  21,  22,  23,  26,  29,  30,  31,  33,  34,  35,  37,  38,  39,  41,  42,  43,  46,  47,  51,  53,  55,  57,  58,  59,  61,  62,  65,  66,  67,  69,  70,  71,  73,  74,  77,  78,  79,  82,  83,  85,  86,  87,  89,  91,  93,  94,  95,  97, 101, 102, 103, 105, 106, 107, 109, 110, 111, 113, 114, 115, 118, 119, 122, 123, 127, 129, 130, 131, 133, 134, 137, 138, 139, 141, 142, 143, 145, 146, 149, 151, 154, 155, 157, 158, 159, 161, 163, 165, 166, 167, 170, 173, 174, 177, 178, 179, 181, 182, 183, 185, 186, 187, 190, 191, 193, 194, 195, 197, 199, 201, 202, 203, 205, 206, 209, 210, 211, 213, 214, 215, 217, 218, 219, 221, 222, 223, 226, 227, 229, 230, 231, 233, 235, 237, 238, 239, 241, 246, 247, 249, 251, 253, 254, 255, 257, 258, 259, 262, 263, 265, 266, 267, 269, 271, 273, 274, 277, 278, 281, 282, 283, 285, 286, 287, 290, 291, 293, 295, 298, 299, 301, 302, 303, 305, 307, 309, 310, 311, 313, 314, 317, 318, 319, 321, 322, 323, 326, 327, 329, 330, 331, 334, 335, 337, 339, 341, 345, 346, 347, 349, 353, 354, 355, 357, 358, 359, 362, 365, 366, 367, 370, 371, 373, 374, 377, 379, 381, 382, 383, 385, 386, 389, 390, 391, 393, 394, 395, 397, 398, 399, 401, 402, 403, 406, 407, 409, 410, 411, 413, 415, 417, 418, 419, 421, 422, 426, 427, 429, 430, 431, 433, 434, 435, 437, 438, 439, 442, 443, 445, 446, 447, 449, 451, 453, 454, 455, 457, 458, 461, 462, 463, 465, 466, 467, 469, 470, 471, 473, 474, 478, 479, 481, 482, 483, 485, 487, 489, 491, 493, 494, 497, 498, 499
 
===> 150/2/cheok-yin-fung.pl <===
1..1
1, 2, 3, 5, 6, 7, 10, 11, 13, 14, 15, 17, 19, 21, 22, 23, 26, 29, 30, 31, 33, 34, 35, 37, 38, 39, 41, 42, 43, 46, 47, 51, 53, 55, 57, 58, 59, 61, 62, 65, 66, 67, 69, 70, 71, 73, 74, 77, 78, 79, 82, 83, 85, 86, 87, 89, 91, 93, 94, 95, 97, 101, 102, 103, 105, 106, 107, 109, 110, 111, 113, 114, 115, 118, 119, 122, 123, 127, 129, 130, 131, 133, 134, 137, 138, 139, 141, 142, 143, 145, 146, 149, 151, 154, 155, 157, 158, 159, 161, 163, 165, 166, 167, 170, 173, 174, 177, 178, 179, 181, 182, 183, 185, 186, 187, 190, 191, 193, 194, 195, 197, 199, 201, 202, 203, 205, 206, 209, 210, 211, 213, 214, 215, 217, 218, 219, 221, 222, 223, 226, 227, 229, 230, 231, 233, 235, 237, 238, 239, 241, 246, 247, 249, 251, 253, 254, 255, 257, 258, 259, 262, 263, 265, 266, 267, 269, 271, 273, 274, 277, 278, 281, 282, 283, 285, 286, 287, 290, 291, 293, 295, 298, 299, 301, 302, 303, 305, 307, 309, 310, 311, 313, 314, 317, 318, 319, 321, 322, 323, 326, 327, 329, 330, 331, 334, 335, 337, 339, 341, 345, 346, 347, 349, 353, 354, 355, 357, 358, 359, 362, 365, 366, 367, 370, 371, 373, 374, 377, 379, 381, 382, 383, 385, 386, 389, 390, 391, 393, 394, 395, 397, 398, 399, 401, 402, 403, 406, 407, 409, 410, 411, 413, 415, 417, 418, 419, 421, 422, 426, 427, 429, 430, 431, 433, 434, 435, 437, 438, 439, 442, 443, 445, 446, 447, 449, 451, 453, 454, 455, 457, 458, 461, 462, 463, 465, 466, 467, 469, 470, 471, 473, 474, 478, 479, 481, 482, 483, 485, 487, 489, 491, 493, 494, 497, 498, 499
ok 1
 
===> 150/2/dave-jacoby.pl <===
1, 2, 3, 5, 6, 7, 10, 11, 13, 14, 15, 17, 19, 21, 22, 23, 26, 29, 30, 31, 33, 34, 35, 37, 38, 39, 41, 42, 43, 46, 47, 51, 53, 55, 57, 58, 59, 
61, 62, 65, 66, 67, 69, 70, 71, 73, 74, 77, 78, 79, 82, 83, 85, 86, 87, 89, 91, 93, 94, 95, 97, 101, 102, 103, 105, 106, 107, 109, 110, 111, 
113, 114, 115, 118, 119, 122, 123, 127, 129, 130, 131, 133, 134, 137, 138, 139, 141, 142, 143, 145, 146, 149, 151, 154, 155, 157, 158, 159, 
161, 163, 165, 166, 167, 170, 173, 174, 177, 178, 179, 181, 182, 183, 185, 186, 187, 190, 191, 193, 194, 195, 197, 199, 201, 202, 203, 205, 
206, 209, 210, 211, 213, 214, 215, 217, 218, 219, 221, 222, 223, 226, 227, 229, 230, 231, 233, 235, 237, 238, 239, 241, 246, 247, 249, 251, 
253, 254, 255, 257, 258, 259, 262, 263, 265, 266, 267, 269, 271, 273, 274, 277, 278, 281, 282, 283, 285, 286, 287, 290, 291, 293, 295, 298, 
299, 301, 302, 303, 305, 307, 309, 310, 311, 313, 314, 317, 318, 319, 321, 322, 323, 326, 327, 329, 330, 331, 334, 335, 337, 339, 341, 345, 
346, 347, 349, 353, 354, 355, 357, 358, 359, 362, 365, 366, 367, 370, 371, 373, 374, 377, 379, 381, 382, 383, 385, 386, 389, 390, 391, 393, 
394, 395, 397, 398, 399, 401, 402, 403, 406, 407, 409, 410, 411, 413, 415, 417, 418, 419, 421, 422, 426, 427, 429, 430, 431, 433, 434, 435, 
437, 438, 439, 442, 443, 445, 446, 447, 449, 451, 453, 454, 455, 457, 458, 461, 462, 463, 465, 466, 467, 469, 470, 471, 473, 474, 478, 479, 
481, 482, 483, 485, 487, 489, 491, 493, 494, 497, 498, 499
 
===> 150/2/deadmarshal.pl <===
1 2 3 5 6 7 10 11 13 14 15 17 19 21 22 23 26 29 30 31 33 34 35 37 38 39 41 42 43 46 47 51 53 55 57 58 59 61 62 65 66 67 69 70 71 73 74 77 78 79 82 83 85 86 87 89 91 93 94 95 97 101 102 103 105 106 107 109 110 111 113 114 115 118 119 122 123 127 129 130 131 133 134 137 138 139 141 142 143 145 146 149 151 154 155 157 158 159 161 163 165 166 167 170 173 174 177 178 179 181 182 183 185 186 187 190 191 193 194 195 197 199 201 202 203 205 206 209 210 211 213 214 215 217 218 219 221 222 223 226 227 229 230 231 233 235 237 238 239 241 246 247 249 251 253 254 255 257 258 259 262 263 265 266 267 269 271 273 274 277 278 281 282 283 285 286 287 290 291 293 295 298 299 301 302 303 305 307 309 310 311 313 314 317 318 319 321 322 323 326 327 329 330 331 334 335 337 339 341 345 346 347 349 353 354 355 357 358 359 362 365 366 367 370 371 373 374 377 379 381 382 383 385 386 389 390 391 393 394 395 397 398 399 401 402 403 406 407 409 410 411 413 415 417 418 419 421 422 426 427 429 430 431 433 434 435 437 438 439 442 443 445 446 447 449 451 453 454 455 457 458 461 462 463 465 466 467 469 470 471 473 474 478 479 481 482 483 485 487 489 491 493 494 497 498 499 501 502 503 505 506 509 510 511 514 515 517 518 519 521 523 526 527 530 533 534 535 537 538 541 542 543 545 546 547 551 553 554 555 557 559 561 562 563 565 566 569 570 571 573 574 577 579 581 582 583 586 587 589 590 591 593 595 597 598 599 601 602 606 607 609 610 611 613 614 615 617 618 619 622 623 626 627 629 631 633 634 635 638 641 642 643 645 646 647 649 651 653 654 655 658 659 661 662 663 665 667 669 670 671 673 674 677 678 679 681 682 683 685 687 689 690 691 694 695 697 698 699 701 703 705 706 707 709 710 713 714 715 717 718 719 721 723 727 730 731 733 734 737 739 741 742 743 745 746 749 751 753 754 755 757 758 759 761 762 763 766 767 769 770 771 773 777 778 779 781 782 785 786 787 789 790 791 793 794 795 797 798 799 802 803 805 806 807 809 811 813 814 815 817 818  
===> 150/2/e-choroba.pl <===
# Seeded srand with seed '1234' from import arg.
1..2
ok 1 - A005117
ok 2 - Up to 500
 
===> 150/2/james-smith.pl <===
1 2 3 5 6 7 10 11 13 14 15 17 19 21 22 23 26 29 30 31 33 34 35 37 38 39 41 42 43 46 47 51 53 55 57 58 59 61 62 65 66 67 69 70 71 73 74 77 78 79 82 83 85 86 87 89 91 93 94 95 97 101 102 103 105 106 107 109 110 111 113 114 115 118 119 122 123 127 129 130 131 133 134 137 138 139 141 142 143 145 146 149 151 154 155 157 158 159 161 163 165 166 167 170 173 174 177 178 179 181 182 183 185 186 187 190 191 193 194 195 197 199 201 202 203 205 206 209 210 211 213 214 215 217 218 219 221 222 223 226 227 229 230 231 233 235 237 238 239 241 246 247 249 251 253 254 255 257 258 259 262 263 265 266 267 269 271 273 274 277 278 281 282 283 285 286 287 290 291 293 295 298 299 301 302 303 305 307 309 310 311 313 314 317 318 319 321 322 323 326 327 329 330 331 334 335 337 339 341 345 346 347 349 353 354 355 357 358 359 362 365 366 367 370 371 373 374 377 379 381 382 383 385 386 389 390 391 393 394 395 397 398 399 401 402 403 406 407 409 410 411 413 415 417 418 419 421 422 426 427 429 430 431 433 434 435 437 438 439 442 443 445 446 447 449 451 453 454 455 457 458 461 462 463 465 466 467 469 470 471 473 474 478 479 481 482 483 485 487 489 491 493 494 497 498 499 
 
===> 150/2/laurent-rosenfeld.pl <===
1 2 3 5 6 7 10 11 13 14 15 17 19 21 22 23 26 29 30 31 33 34 35 37 38 39 41 42 43 46 47 51 53 55 57 58 59 61 62 65 66 67 69 70 71 73 74 77 78 79 82 83 85 86 87 89 91 93 94 95 97 101 102 103 105 106 107 109 110 111 113 114 115 118 119 122 123 127 129 130 131 133 134 137 138 139 141 142 143 145 146 149 151 154 155 157 158 159 161 163 165 166 167 170 173 174 177 178 179 181 182 183 185 186 187 190 191 193 194 195 197 199 201 202 203 205 206 209 210 211 213 214 215 217 218 219 221 222 223 226 227 229 230 231 233 235 237 238 239 241 246 247 249 251 253 254 255 257 258 259 262 263 265 266 267 269 271 273 274 277 278 281 282 283 285 286 287 289 290 291 293 295 298 299 301 302 303 305 307 309 310 311 313 314 317 318 319 321 322 323 326 327 329 330 331 334 335 337 339 341 345 346 347 349 353 354 355 357 358 359 361 362 365 366 367 370 371 373 374 377 379 381 382 383 385 386 389 390 391 393 394 395 397 398 399 401 402 403 406 407 409 410 411 413 415 417 418 419 421 422 426 427 429 430 431 433 434 435 437 438 439 442 443 445 446 447 449 451 453 454 455 457 458 461 462 463 465 466 467 469 470 471 473 474 478 479 481 482 483 485 487 489 491 493 494 497 498 499  
 
===> 150/2/lubos-kolouch.pl <===
1, 2, 3, 5, 6, 7, 10, 11, 13, 14, 15, 17, 19, 21, 22, 23, 26, 29, 30, 31, 33, 34, 35, 37, 38, 39, 41, 42, 43, 46, 47, 51, 53, 55, 57, 58, 59, 61, 62, 65, 66, 67, 69, 70, 71, 73, 74, 77, 78, 79, 82, 83, 85, 86, 87, 89, 91, 93, 94, 95, 97, 101, 102, 103, 105, 106, 107, 109, 110, 111, 113, 114, 115, 118, 119, 122, 123, 127, 129, 130, 131, 133, 134, 137, 138, 139, 141, 142, 143, 145, 146, 149, 151, 154, 155, 157, 158, 159, 161, 163, 165, 166, 167, 170, 173, 174, 177, 178, 179, 181, 182, 183, 185, 186, 187, 190, 191, 193, 194, 195, 197, 199, 201, 202, 203, 205, 206, 209, 210, 211, 213, 214, 215, 217, 218, 219, 221, 222, 223, 226, 227, 229, 230, 231, 233, 235, 237, 238, 239, 241, 246, 247, 249, 251, 253, 254, 255, 257, 258, 259, 262, 263, 265, 266, 267, 269, 271, 273, 274, 277, 278, 281, 282, 283, 285, 286, 287, 290, 291, 293, 295, 298, 299, 301, 302, 303, 305, 307, 309, 310, 311, 313, 314, 317, 318, 319, 321, 322, 323, 326, 327, 329, 330, 331, 334, 335, 337, 339, 341, 345, 346, 347, 349, 353, 354, 355, 357, 358, 359, 362, 365, 366, 367, 370, 371, 373, 374, 377, 379, 381, 382, 383, 385, 386, 389, 390, 391, 393, 394, 395, 397, 398, 399, 401, 402, 403, 406, 407, 409, 410, 411, 413, 415, 417, 418, 419, 421, 422, 426, 427, 429, 430, 431, 433, 434, 435, 437, 438, 439, 442, 443, 445, 446, 447, 449, 451, 453, 454, 455, 457, 458, 461, 462, 463, 465, 466, 467, 469, 470, 471, 473, 474, 478, 479, 481, 482, 483, 485, 487, 489, 491, 493, 494, 497, 498, 499
ok 1
1..1
 
===> 150/2/mattneleigh.pl <===

The smallest positive square-free integers <= 500 are:

      1    2    3    5    6    7   10   11   13   14   15   17   19   21
     22   23   26   29   30   31   33   34   35   37   38   39   41   42
     43   46   47   51   53   55   57   58   59   61   62   65   66   67
     69   70   71   73   74   77   78   79   82   83   85   86   87   89
     91   93   94   95   97  101  102  103  105  106  107  109  110  111
    113  114  115  118  119  122  123  127  129  130  131  133  134  137
    138  139  141  142  143  145  146  149  151  154  155  157  158  159
    161  163  165  166  167  170  173  174  177  178  179  181  182  183
    185  186  187  190  191  193  194  195  197  199  201  202  203  205
    206  209  210  211  213  214  215  217  218  219  221  222  223  226
    227  229  230  231  233  235  237  238  239  241  246  247  249  251
    253  254  255  257  258  259  262  263  265  266  267  269  271  273
    274  277  278  281  282  283  285  286  287  290  291  293  295  298
    299  301  302  303  305  307  309  310  311  313  314  317  318  319
    321  322  323  326  327  329  330  331  334  335  337  339  341  345
    346  347  349  353  354  355  357  358  359  362  365  366  367  370
    371  373  374  377  379  381  382  383  385  386  389  390  391  393
    394  395  397  398  399  401  402  403  406  407  409  410  411  413
    415  417  418  419  421  422  426  427  429  430  431  433  434  435
    437  438  439  442  443  445  446  447  449  451  453  454  455  457
    458  461  462  463  465  466  467  469  470  471  473  474  478  479
    481  482  483  485  487  489  491  493  494  497  498  499          

 
===> 150/2/peter-campbell-smith.pl <===
Square-free integers <= 500: 
1, 2, 3, 5, 6, 7, 10, 11, 13, 14, 
15, 17, 19, 21, 22, 23, 26, 29, 30, 31, 
33, 34, 35, 37, 38, 39, 41, 42, 43, 46, 
47, 51, 53, 55, 57, 58, 59, 61, 62, 65, 
66, 67, 69, 70, 71, 73, 74, 77, 78, 79, 
82, 83, 85, 86, 87, 89, 91, 93, 94, 95, 
97, 101, 102, 103, 105, 106, 107, 109, 110, 111, 
113, 114, 115, 118, 119, 122, 123, 127, 129, 130, 
131, 133, 134, 137, 138, 139, 141, 142, 143, 145, 
146, 149, 151, 154, 155, 157, 158, 159, 161, 163, 
165, 166, 167, 170, 173, 174, 177, 178, 179, 181, 
182, 183, 185, 186, 187, 190, 191, 193, 194, 195, 
197, 199, 201, 202, 203, 205, 206, 209, 210, 211, 
213, 214, 215, 217, 218, 219, 221, 222, 223, 226, 
227, 229, 230, 231, 233, 235, 237, 238, 239, 241, 
246, 247, 249, 251, 253, 254, 255, 257, 258, 259, 
262, 263, 265, 266, 267, 269, 271, 273, 274, 277, 
278, 281, 282, 283, 285, 286, 287, 290, 291, 293, 
295, 298, 299, 301, 302, 303, 305, 307, 309, 310, 
311, 313, 314, 317, 318, 319, 321, 322, 323, 326, 
327, 329, 330, 331, 334, 335, 337, 339, 341, 345, 
346, 347, 349, 353, 354, 355, 357, 358, 359, 362, 
365, 366, 367, 370, 371, 373, 374, 377, 379, 381, 
382, 383, 385, 386, 389, 390, 391, 393, 394, 395, 
397, 398, 399, 401, 402, 403, 406, 407, 409, 410, 
411, 413, 415, 417, 418, 419, 421, 422, 426, 427, 
429, 430, 431, 433, 434, 435, 437, 438, 439, 442, 
443, 445, 446, 447, 449, 451, 453, 454, 455, 457, 
458, 461, 462, 463, 465, 466, 467, 469, 470, 471, 
473, 474, 478, 479, 481, 482, 483, 485, 487, 489, 
491, 493, 494, 497, 498, 499
 
===> 150/2/polettix.pl <===
1, 2, 3, 5, 6, 7, 10, 11, 13, 14, 15, 17, 19, 21, 22, 23, 26, 29, 30, 31,
33, 34, 35, 37, 38, 39, 41, 42, 43, 46, 47, 51, 53, 55, 57, 58, 59, 61, 62, 65,
66, 67, 69, 70, 71, 73, 74, 77, 78, 79, 82, 83, 85, 86, 87, 89, 91, 93, 94, 95,
97, 101, 102, 103, 105, 106, 107, 109, 110, 111, 113, 114, 115, 118, 119, 122, 123, 127, 129, 130,
131, 133, 134, 137, 138, 139, 141, 142, 143, 145, 146, 149, 151, 154, 155, 157, 158, 159, 161, 163,
165, 166, 167, 170, 173, 174, 177, 178, 179, 181, 182, 183, 185, 186, 187, 190, 191, 193, 194, 195,
197, 199, 201, 202, 203, 205, 206, 209, 210, 211, 213, 214, 215, 217, 218, 219, 221, 222, 223, 226,
227, 229, 230, 231, 233, 235, 237, 238, 239, 241, 246, 247, 249, 251, 253, 254, 255, 257, 258, 259,
262, 263, 265, 266, 267, 269, 271, 273, 274, 277, 278, 281, 282, 283, 285, 286, 287, 290, 291, 293,
295, 298, 299, 301, 302, 303, 305, 307, 309, 310, 311, 313, 314, 317, 318, 319, 321, 322, 323, 326,
327, 329, 330, 331, 334, 335, 337, 339, 341, 345, 346, 347, 349, 353, 354, 355, 357, 358, 359, 362,
365, 366, 367, 370, 371, 373, 374, 377, 379, 381, 382, 383, 385, 386, 389, 390, 391, 393, 394, 395,
397, 398, 399, 401, 402, 403, 406, 407, 409, 410, 411, 413, 415, 417, 418, 419, 421, 422, 426, 427,
429, 430, 431, 433, 434, 435, 437, 438, 439, 442, 443, 445, 446, 447, 449, 451, 453, 454, 455, 457,
458, 461, 462, 463, 465, 466, 467, 469, 470, 471, 473, 474, 478, 479, 481, 482, 483, 485, 487, 489,
491, 493, 494, 497, 498, 499
 
===> 150/2/robert-dicicco.pl <===
1 2 3 5 6 7 10 11 13 14 15 17 19 21 22 23 26 29 30 31 33 34 35 37 38 39 41 42 43 46 47 51 53 55 57 58 59 61 62 65 66 67 69 70 71 73 74 77 78 79 82 83 85 86 87 89 91 93 94 95 97 101 102 103 105 106 107 109 110 111 113 114 115 118 119 122 123 127 129 130 131 133 134 137 138 139 141 142 143 145 146 149 151 154 155 157 158 159 161 163 165 166 167 170 173 174 177 178 179 181 182 183 185 186 187 190 191 193 194 195 197 199 201 202 203 205 206 209 210 211 213 214 215 217 218 219 221 222 223 226 227 229 230 231 233 235 237 238 239 241 246 247 249 251 253 254 255 257 258 259 262 263 265 266 267 269 271 273 274 277 278 281 282 283 285 286 287 290 291 293 295 298 299 301 302 303 305 307 309 310 311 313 314 317 318 319 321 322 323 326 327 329 330 331 334 335 337 339 341 345 346 347 349 353 354 355 357 358 359 362 365 366 367 370 371 373 374 377 379 381 382 383 385 386 389 390 391 393 394 395 397 398 399 401 402 403 406 407 409 410 411 413 415 417 418 419 421 422 426 427 429 430 431 433 434 435 437 438 439 442 443 445 446 447 449 451 453 454 455 457 458 461 462 463 465 466 467 469 470 471 473 474 478 479 481 482 483 485 487 489 491 493 494 497 498 499 
 
===> 150/2/roger-bell-west.pl <===
1..3
ok 1 - example 1
ok 2 - example 2
ok 3 - example 3
 
===> 150/2/ulrich-rieke.pl <===
1,2,3,5,6,7,10,11,13,14,15,17,19,21,22,23,26,29,30,31,33,34,35,37,38,39,41,42,43,46,47,51,53,55,57,58,59,61,62,65,66,67,69,70,71,73,74,77,78,79,82,83,85,86,87,89,91,93,94,95,97,101,102,103,105,106,107,109,110,111,113,114,115,118,119,122,123,127,129,130,131,133,134,137,138,139,141,142,143,145,146,149,151,154,155,157,158,159,161,163,165,166,167,170,173,174,177,178,179,181,182,183,185,186,187,190,191,193,194,195,197,199,201,202,203,205,206,209,210,211,213,214,215,217,218,219,221,222,223,226,227,229,230,231,233,235,237,238,239,241,246,247,249,251,253,254,255,257,258,259,262,263,265,266,267,269,271,273,274,277,278,281,282,283,285,286,287,290,291,293,295,298,299,301,302,303,305,307,309,310,311,313,314,317,318,319,321,322,323,326,327,329,330,331,334,335,337,339,341,345,346,347,349,353,354,355,357,358,359,362,365,366,367,370,371,373,374,377,379,381,382,383,385,386,389,390,391,393,394,395,397,398,399,401,402,403,406,407,409,410,411,413,415,417,418,419,421,422,426,427,429,430,431,433,434,435,437,438,439,442,443,445,446,447,449,451,453,454,455,457,458,461,462,463,465,466,467,469,470,471,473,474,478,479,481,482,483,485,487,489,491,493,494,497,498,499
 
===> 150/2/wlmb.pl <===
[1 2 3 5 6 7 10 11 13 14 15 17 19 21 22 23 26 29 30 31 33 34 35 37 38 39 41 42 43 46 47 51 53 55 57 58 59 61 62 65 66 67 69 70 71 73 74 77 78 79 82 83 85 86 87 89 91 93 94 95 97 101 102 103 105 106 107 109 110 111 113 114 115 118 119 122 123 127 129 130 131 133 134 137 138 139 141 142 143 145 146 149 151 154 155 157 158 159 161 163 165 166 167 170 173 174 177 178 179 181 182 183 185 186 187 190 191 193 194 195 197 199 201 202 203 205 206 209 210 211 213 214 215 217 218 219 221 222 223 226 227 229 230 231 233 235 237 238 239 241 246 247 249 251 253 254 255 257 258 259 262 263 265 266 267 269 271 273 274 277 278 281 282 283 285 286 287 290 291 293 295 298 299 301 302 303 305 307 309 310 311 313 314 317 318 319 321 322 323 326 327 329 330 331 334 335 337 339 341 345 346 347 349 353 354 355 357 358 359 362 365 366 367 370 371 373 374 377 379 381 382 383 385 386 389 390 391 393 394 395 397 398 399 401 402 403 406 407 409 410 411 413 415 417 418 419 421 422 426 427 429 430 431 433 434 435 437 438 439 442 443 445 446 447 449 451 453 454 455 457 458 461 462 463 465 466 467 469 470 471 473 474 478 479 481 482 483 485 487 489 491 493 494 497 498 499]
