 
===> 150/2/0rir.raku <===
The smallest positive square-free integers are
1 ,2 ,3 ,5 ,6 ,7 ,10 ,11 ,13 ,14 ,15 ,17 ,19 ,21 ,22 ,23 ,26 ,29 ,30 ,31 ,33 ,34 ,35 ,37 ,38 ,39 ,41 ,42 ,43 ,46 ,47 ,51 ,53 ,55 ,57 ,58 ,59 ,61 ,62 ,65 ,66 ,67 ,69 ,70 ,71 ,73 ,74 ,77 ,78 ,79 ,82 ,83 ,85 ,86 ,87 ,89 ,91 ,93 ,94 ,95 ,97 ,101 ,102 ,103 ,105 ,106 ,107 ,109 ,110 ,111 ,113 ,114 ,115 ,118 ,119 ,122 ,123 ,127 ,129 ,130 ,131 ,133 ,134 ,137 ,138 ,139 ,141 ,142 ,143 ,145 ,146 ,149 ,151 ,154 ,155 ,157 ,158 ,159 ,161 ,163 ,165 ,166 ,167 ,170 ,173 ,174 ,177 ,178 ,179 ,181 ,182 ,183 ,185 ,186 ,187 ,190 ,191 ,193 ,194 ,195 ,197 ,199 ,201 ,202 ,203 ,205 ,206 ,209 ,210 ,211 ,213 ,214 ,215 ,217 ,218 ,219 ,221 ,222 ,223 ,226 ,227 ,229 ,230 ,231 ,233 ,235 ,237 ,238 ,239 ,241 ,246 ,247 ,249 ,251 ,253 ,254 ,255 ,257 ,258 ,259 ,262 ,263 ,265 ,266 ,267 ,269 ,271 ,273 ,274 ,277 ,278 ,281 ,282 ,283 ,285 ,286 ,287 ,290 ,291 ,293 ,295 ,298 ,299 ,301 ,302 ,303 ,305 ,307 ,309 ,310 ,311 ,313 ,314 ,317 ,318 ,319 ,321 ,322 ,323 ,326 ,327 ,329 ,330 ,331 ,334 ,335 ,337 ,339 ,341 ,345 ,346 ,347 ,349 ,353 ,354 ,355 ,357 ,358 ,359 ,362 ,365 ,366 ,367 ,370 ,371 ,373 ,374 ,377 ,379 ,381 ,382 ,383 ,385 ,386 ,389 ,390 ,391 ,393 ,394 ,395 ,397 ,398 ,399 ,401 ,402 ,403 ,406 ,407 ,409 ,410 ,411 ,413 ,415 ,417 ,418 ,419 ,421 ,422 ,426 ,427 ,429 ,430 ,431 ,433 ,434 ,435 ,437 ,438 ,439 ,442 ,443 ,445 ,446 ,447 ,449 ,451 ,453 ,454 ,455 ,457 ,458 ,461 ,462 ,463 ,465 ,466 ,467 ,469 ,470 ,471 ,473 ,474 ,478 ,479 ,481 ,482 ,483 ,485 ,487 ,489 ,491 ,493 ,494 ,497 ,498 ,499
 
===> 150/2/2colours.raku <===
The smallest positive square-free integers are
	1, 2, 3, 5, 6, 7, 10, 11, 13, 14, 15, 17, 19, 21, 22, 23, 26, 29, 30, 31, 33, 34, 35, 37, 38, 39, 41, 42, 43, 46, 47, 51, 53, 55, 57, 58, 59, 61, 62, 65, 66, 67, 69, 70, 71, 73, 74, 77, 78, 79, 82, 83, 85, 86, 87, 89, 91, 93, 94, 95, 97, 101, 102, 103, 105, 106, 107, 109, 110, 111, 113, 114, 115, 118, 119, 122, 123, 127, 129, 130, 131, 133, 134, 137, 138, 139, 141, 142, 143, 145, 146, 149, 151, 154, 155, 157, 158, 159, 161, 163, 165, 166, 167, 170, 173, 174, 177, 178, 179, 181, 182, 183, 185, 186, 187, 190, 191, 193, 194, 195, 197, 199, 201, 202, 203, 205, 206, 209, 210, 211, 213, 214, 215, 217, 218, 219, 221, 222, 223, 226, 227, 229, 230, 231, 233, 235, 237, 238, 239, 241, 246, 247, 249, 251, 253, 254, 255, 257, 258, 259, 262, 263, 265, 266, 267, 269, 271, 273, 274, 277, 278, 281, 282, 283, 285, 286, 287, 290, 291, 293, 295, 298, 299, 301, 302, 303, 305, 307, 309, 310, 311, 313, 314, 317, 318, 319, 321, 322, 323, 326, 327, 329, 330, 331, 334, 335, 337, 339, 341, 345, 346, 347, 349, 353, 354, 355, 357, 358, 359, 362, 365, 366, 367, 370, 371, 373, 374, 377, 379, 381, 382, 383, 385, 386, 389, 390, 391, 393, 394, 395, 397, 398, 399, 401, 402, 403, 406, 407, 409, 410, 411, 413, 415, 417, 418, 419, 421, 422, 426, 427, 429, 430, 431, 433, 434, 435, 437, 438, 439, 442, 443, 445, 446, 447, 449, 451, 453, 454, 455, 457, 458, 461, 462, 463, 465, 466, 467, 469, 470, 471, 473, 474, 478, 479, 481, 482, 483, 485, 487, 489, 491, 493, 494, 497, 498, 499
 
===> 150/2/athanasius.raku <===
The square-free integers between 1 and 500 (inclusive) are:
  1,   2,   3,   5,   6,   7,  10,  11,  13,  14,  15,  17,  19,  21,  22,  23,  26,  29,  30,  31,  33,  34,  35,  37,  38,  39,  41,  42,  43,  46,  47,  51,  53,  55,  57,  58,  59,  61,  62,  65,  66,  67,  69,  70,  71,  73,  74,  77,  78,  79,  82,  83,  85,  86,  87,  89,  91,  93,  94,  95,  97, 101, 102, 103, 105, 106, 107, 109, 110, 111, 113, 114, 115, 118, 119, 122, 123, 127, 129, 130, 131, 133, 134, 137, 138, 139, 141, 142, 143, 145, 146, 149, 151, 154, 155, 157, 158, 159, 161, 163, 165, 166, 167, 170, 173, 174, 177, 178, 179, 181, 182, 183, 185, 186, 187, 190, 191, 193, 194, 195, 197, 199, 201, 202, 203, 205, 206, 209, 210, 211, 213, 214, 215, 217, 218, 219, 221, 222, 223, 226, 227, 229, 230, 231, 233, 235, 237, 238, 239, 241, 246, 247, 249, 251, 253, 254, 255, 257, 258, 259, 262, 263, 265, 266, 267, 269, 271, 273, 274, 277, 278, 281, 282, 283, 285, 286, 287, 290, 291, 293, 295, 298, 299, 301, 302, 303, 305, 307, 309, 310, 311, 313, 314, 317, 318, 319, 321, 322, 323, 326, 327, 329, 330, 331, 334, 335, 337, 339, 341, 345, 346, 347, 349, 353, 354, 355, 357, 358, 359, 362, 365, 366, 367, 370, 371, 373, 374, 377, 379, 381, 382, 383, 385, 386, 389, 390, 391, 393, 394, 395, 397, 398, 399, 401, 402, 403, 406, 407, 409, 410, 411, 413, 415, 417, 418, 419, 421, 422, 426, 427, 429, 430, 431, 433, 434, 435, 437, 438, 439, 442, 443, 445, 446, 447, 449, 451, 453, 454, 455, 457, 458, 461, 462, 463, 465, 466, 467, 469, 470, 471, 473, 474, 478, 479, 481, 482, 483, 485, 487, 489, 491, 493, 494, 497, 498, 499
 
===> 150/2/bruce-gray.raku <===
1, 2, 3, 5, 6, 7, 10, 11, 13, 14, 15, 17, 19, 21, 22, 23, 26, 29, 30, 31, 33, 34, 35, 37, 38, 39, 41, 42, 43, 46, 47, 51, 53, 55, 57, 58, 59, 61, 62, 65, 66, 67, 69, 70, 71, 73, 74, 77, 78, 79, 82, 83, 85, 86, 87, 89, 91, 93, 94, 95, 97, 101, 102, 103, 105, 106, 107, 109, 110, 111, 113, 114, 115, 118, 119, 122, 123, 127, 129, 130, 131, 133, 134, 137, 138, 139, 141, 142, 143, 145, 146, 149, 151, 154, 155, 157, 158, 159, 161, 163, 165, 166, 167, 170, 173, 174, 177, 178, 179, 181, 182, 183, 185, 186, 187, 190, 191, 193, 194, 195, 197, 199, 201, 202, 203, 205, 206, 209, 210, 211, 213, 214, 215, 217, 218, 219, 221, 222, 223, 226, 227, 229, 230, 231, 233, 235, 237, 238, 239, 241, 246, 247, 249, 251, 253, 254, 255, 257, 258, 259, 262, 263, 265, 266, 267, 269, 271, 273, 274, 277, 278, 281, 282, 283, 285, 286, 287, 290, 291, 293, 295, 298, 299, 301, 302, 303, 305, 307, 309, 310, 311, 313, 314, 317, 318, 319, 321, 322, 323, 326, 327, 329, 330, 331, 334, 335, 337, 339, 341, 345, 346, 347, 349, 353, 354, 355, 357, 358, 359, 362, 365, 366, 367, 370, 371, 373, 374, 377, 379, 381, 382, 383, 385, 386, 389, 390, 391, 393, 394, 395, 397, 398, 399, 401, 402, 403, 406, 407, 409, 410, 411, 413, 415, 417, 418, 419, 421, 422, 426, 427, 429, 430, 431, 433, 434, 435, 437, 438, 439, 442, 443, 445, 446, 447, 449, 451, 453, 454, 455, 457, 458, 461, 462, 463, 465, 466, 467, 469, 470, 471, 473, 474, 478, 479, 481, 482, 483, 485, 487, 489, 491, 493, 494, 497, 498, 499
 
===> 150/2/laurent-rosenfeld.raku <===
1 2 3 5 6 7 10 11 13 14 15 17 19 21 22 23 26 29 30 31 33 34 35 37 38 39 41 42 43 46 47 51 53 55 57 58 59 61 62 65 66 67 69 70 71 73 74 77 78 79 82 83 85 86 87 89 91 93 94 95 97 101 102 103 105 106 107 109 110 111 113 114 115 118 119 122 123 127 129 130 131 133 134 137 138 139 141 142 143 145 146 149 151 154 155 157 158 159 161 163 165 166 167 170 173 174 177 178 179 181 182 183 185 186 187 190 191 193 194 195 197 199 201 202 203 205 206 209 210 211 213 214 215 217 218 219 221 222 223 226 227 229 230 231 233 235 237 238 239 241 246 247 249 251 253 254 255 257 258 259 262 263 265 266 267 269 271 273 274 277 278 281 282 283 285 286 287 289 290 291 293 295 298 299 301 302 303 305 307 309 310 311 313 314 317 318 319 321 322 323 326 327 329 330 331 334 335 337 339 341 345 346 347 349 353 354 355 357 358 359 361 362 365 366 367 370 371 373 374 377 379 381 382 383 385 386 389 390 391 393 394 395 397 398 399 401 402 403 406 407 409 410 411 413 415 417 418 419 421 422 426 427 429 430 431 433 434 435 437 438 439 442 443 445 446 447 449 451 453 454 455 457 458 461 462 463 465 466 467 469 470 471 473 474 478 479 481 482 483 485 487 489 491 493 494 497 498 499  
===> 150/2/luca-ferrari.raku <===
1 10 101 102 103 105 106 107 109 11 110 111 113 114 115 118 119 122 123 127 129 13 130 131 133 134 137 138 139 14 141 142 143 145 146 149 15 151 154 155 157 158 159 161 163 165 166 167 17 170 173 174 177 178 179 181 182 183 185 186 187 19 190 191 193 194 195 197 199 2 201 202 203 205 206 209 21 210 211 213 214 215 217 218 219 22 221 222 223 226 227 229 23 230 231 233 235 237 238 239 241 246 247 249 251 253 254 255 257 258 259 26 262 263 265 266 267 269 271 273 274 277 278 281 282 283 285 286 287 29 290 291 293 295 298 299 3 30 301 302 303 305 307 309 31 310 311 313 314 317 318 319 321 322 323 326 327 329 33 330 331 334 335 337 339 34 341 345 346 347 349 35 353 354 355 357 358 359 362 365 366 367 37 370 371 373 374 377 379 38 381 382 383 385 386 389 39 390 391 393 394 395 397 398 399 401 402 403 406 407 409 41 410 411 413 415 417 418 419 42 421 422 426 427 429 43 430 431 433 434 435 437 438 439 442 443 445 446 447 449 451 453 454 455 457 458 46 461 462 463 465 466 467 469 47 470 471 473 474 478 479 481 482 483 485 487 489 491 493 494 497 498 499 5 51 53 55 57 58 59 6 61 62 65 66 67 69 7 70 71 73 74 77 78 79 82 83 85 86 87 89 91 93 94 95 97
 
===> 150/2/mark-anderson.raku <===
1 2 3 5 6 7 10 11 13 14 15 17 19 21 22 23 26 29 30 31 33 34 35 37 38 39 41 42 43 46 47 51 53 55 57 58 59 61 62 65 66 67 69 70 71 73 74 77 78 79 82 83 85 86 87 89 91 93 94 95 97 101 102 103 105 106 107 109 110 111 113 114 115 118 119 122 123 127 129 130 131 133 134 137 138 139 141 142 143 145 146 149 151 154 155 157 158 159 161 163 165 166 167 170 173 174 177 178 179 181 182 183 185 186 187 190 191 193 194 195 197 199 201 202 203 205 206 209 210 211 213 214 215 217 218 219 221 222 223 226 227 229 230 231 233 235 237 238 239 241 246 247 249 251 253 254 255 257 258 259 262 263 265 266 267 269 271 273 274 277 278 281 282 283 285 286 287 290 291 293 295 298 299 301 302 303 305 307 309 310 311 313 314 317 318 319 321 322 323 326 327 329 330 331 334 335 337 339 341 345 346 347 349 353 354 355 357 358 359 362 365 366 367 370 371 373 374 377 379 381 382 383 385 386 389 390 391 393 394 395 397 398 399 401 402 403 406 407 409 410 411 413 415 417 418 419 421 422 426 427 429 430 431 433 434 435 437 438 439 442 443 445 446 447 449 451 453 454 455 457 458 461 462 463 465 466 467 469 470 471 473 474 478 479 481 482 483 485 487 489 491 493 494 497 498 499
 
===> 150/2/polettix.raku <===
1, 2, 3, 5, 6, 7, 9, 13, 14, 15, 17, 18, 21, 22, 23, 25, 26, 30, 31, 33,
34, 35, 39, 41, 42, 43, 45, 49, 50, 53, 57, 58, 59, 61, 62, 63, 66, 67, 69, 70,
71, 75, 77, 81, 87, 90, 93, 94, 95, 97, 98, 99, 103, 105, 106, 107, 111, 113, 114, 115,
117, 121, 122, 123, 125, 130, 131, 133, 134, 135, 138, 139, 141, 142, 143, 147, 149, 159, 162, 165,
169, 170, 171, 174, 175, 178, 179, 183, 185, 186, 187, 189, 193, 194, 195, 197, 198, 202, 203, 205,
206, 207, 210, 211, 213, 214, 215, 219, 221, 222, 223, 225, 231, 234, 237, 241, 242, 243, 246, 247,
249, 250, 251, 255, 257, 259, 265, 266, 269, 270, 274, 275, 277, 278, 282, 283, 285, 286, 287, 291,
293, 294, 295, 297, 306, 309, 315, 318, 319, 321, 322, 323, 329, 330, 331, 333, 337, 338, 339, 341,
342, 346, 347, 349, 350, 355, 357, 358, 359, 363, 365, 366, 367, 369, 373, 374, 375, 377, 381, 387,
390, 391, 393, 394, 395, 399, 401, 403, 405, 409, 410, 411, 413, 414, 417, 418, 419, 421, 422, 427,
430, 431, 435, 437, 438, 439, 441, 445, 446, 447, 449, 450, 459, 462, 465, 466, 467, 471, 473, 474,
475, 481, 482, 483, 485, 486, 489, 490, 491, 493, 494, 499
 
===> 150/2/robert-dicicco.raku <===
1 2 3 5 6 7 10 11 13 14 15 17 19 21 22 23 26 29 30 31 33 34 35 37 38 39 41 42 43 46 47 51 53 55 57 58 59 61 62 65 66 67 69 70 71 73 74 77 78 79 82 83 85 86 87 89 91 93 94 95 97 101 102 103 105 106 107 109 110 111 113 114 115 118 119 122 123 127 129 130 131 133 134 137 138 139 141 142 143 145 146 149 151 154 155 157 158 159 161 163 165 166 167 170 173 174 177 178 179 181 182 183 185 186 187 190 191 193 194 195 197 199 201 202 203 205 206 209 210 211 213 214 215 217 218 219 221 222 223 226 227 229 230 231 233 235 237 238 239 241 246 247 249 251 253 254 255 257 258 259 262 263 265 266 267 269 271 273 274 277 278 281 282 283 285 286 287 290 291 293 295 298 299 301 302 303 305 307 309 310 311 313 314 317 318 319 321 322 323 326 327 329 330 331 334 335 337 339 341 345 346 347 349 353 354 355 357 358 359 362 365 366 367 370 371 373 374 377 379 381 382 383 385 386 389 390 391 393 394 395 397 398 399 401 402 403 406 407 409 410 411 413 415 417 418 419 421 422 426 427 429 430 431 433 434 435 437 438 439 442 443 445 446 447 449 451 453 454 455 457 458 461 462 463 465 466 467 469 470 471 473 474 478 479 481 482 483 485 487 489 491 493 494 497 498 499  
 
===> 150/2/roger-bell-west.raku <===
1..3
ok 1 - example 1
ok 2 - example 2
ok 3 - example 3
 
===> 150/2/ulrich-rieke.raku <===
1,2,3,5,6,7,10,11,13,14,15,17,19,21,22,23,26,29,30,31,33,34,35,37,38,39,41,42,43,46,47,51,53,55,57,58,59,61,62,65,66,67,69,70,71,73,74,77,78,79,82,83,85,86,87,89,91,93,94,95,97,101,102,103,105,106,107,109,110,111,113,114,115,118,119,122,123,127,129,130,131,133,134,137,138,139,141,142,143,145,146,149,151,154,155,157,158,159,161,163,165,166,167,170,173,174,177,178,179,181,182,183,185,186,187,190,191,193,194,195,197,199,201,202,203,205,206,209,210,211,213,214,215,217,218,219,221,222,223,226,227,229,230,231,233,235,237,238,239,241,246,247,249,251,253,254,255,257,258,259,262,263,265,266,267,269,271,273,274,277,278,281,282,283,285,286,287,290,291,293,295,298,299,301,302,303,305,307,309,310,311,313,314,317,318,319,321,322,323,326,327,329,330,331,334,335,337,339,341,345,346,347,349,353,354,355,357,358,359,362,365,366,367,370,371,373,374,377,379,381,382,383,385,386,389,390,391,393,394,395,397,398,399,401,402,403,406,407,409,410,411,413,415,417,418,419,421,422,426,427,429,430,431,433,434,435,437,438,439,442,443,445,446,447,449,451,453,454,455,457,458,461,462,463,465,466,467,469,470,471,473,474,478,479,481,482,483,485,487,489,491,493,494,497,498,499
