 
===> 068/1/arne-sommer.pl <===
[0, 0, 0]
[1, 0, 1]
[1, 0, 1]
 
===> 068/1/athanasius.pl <===
ok 1 - 3 x 3 array
ok 2 - 3 x 3 array
ok 3 - 2 x 4 array
ok 4 - 4 x 5 array
ok 5 - 2 x 3 array
ok 6 - 1 x 7 array
1..6
 
===> 068/1/brtastic.pl <===
ok 1
ok 2
ok 3
ok 4
1..4
 
===> 068/1/cheok-yin-fung.pl <===

0 1 0 1 
1 0 1 1 
1 1 1 1 
 * * * * * * * 

0 0 0 0 
0 0 0 0 
0 0 0 1 
 
===> 068/1/colin-crain.pl <===
Input:
	[ 1, 0, 0, 1 ]
	[ 1, 1, 1, 1 ]
	[ 1, 0, 1, 1 ]
	[ 1, 1, 1, 1 ]

Zero Occlusions:
    cols: 0 1 1 0
    rows: 1 0 1 0

Output:
	[ 0, 0, 0, 0 ]
	[ 1, 0, 0, 1 ]
	[ 0, 0, 0, 0 ]
	[ 1, 0, 0, 1 ]
 
===> 068/1/e-choroba.pl <===
1..2
ok 1
ok 2
 
===> 068/1/jaldhar-h-vyas.pl <===
[0 0 0 1]
[0 0 0 1]
[0 0 0 1]
 
===> 068/1/javier-luque.pl <===
Input:
[   1  0  1 ]
[   1  1  1 ]
[   1  1  1 ]

Output:
[   0  0  0 ]
[   1  0  1 ]
[   1  0  1 ]

Input:
[   1  0  1 ]
[   1  1  1 ]
[   1  0  1 ]

Output:
[   0  0  0 ]
[   1  0  1 ]
[   0  0  0 ]

 
===> 068/1/jeongoon.pl <===
[0, 0, 0]
[0, 1, 1]
[0, 1, 1]

[0, 1, 1]
[0, 0, 0]
[0, 1, 1]

 
===> 068/1/jo-37.pl <===
M1:
   1.00000    0.00000    1.00000 
   1.00000    1.00000    1.00000 
   1.00000    1.00000    1.00000 
Z1:
   0.00000    0.00000    0.00000 
   1.00000    0.00000    1.00000 
   1.00000    0.00000    1.00000 
M2:
   1.00000    0.00000    1.00000 
   1.00000    1.00000    1.00000 
   1.00000    0.00000    1.00000 
Z2:
   0.00000    0.00000    0.00000 
   1.00000    0.00000    1.00000 
   0.00000    0.00000    0.00000 
M3:
   1.00000    0.00000    1.00000 
   1.00000    1.00000    1.00000 
   1.00000    1.00000    1.00000 
   1.00000    1.00000    0.00000 
Z3:
   0.00000    0.00000    0.00000 
   1.00000    0.00000    0.00000 
   1.00000    0.00000    0.00000 
   0.00000    0.00000    0.00000 
 
===> 068/1/laurent-rosenfeld.pl <===
1 1 1
1 0 1
1 1 1
1 1 1

1 0 1
0 0 0
1 0 1
1 0 1

 
===> 068/1/mohammad-anwar.pl <===
Matrix:
[ 1, 0, 1 ]
[ 1, 1, 1 ]
[ 1, 0, 1 ]

Zero Matrix:
[ 0, 0, 0 ]
[ 1, 0, 1 ]
[ 0, 0, 0 ]

 
===> 068/1/perlboy1967.pl <===
Input:
[1, 0, 1]
[1, 1, 1]
[1, 1, 1]
--------------
Output:
[0, 0, 0]
[1, 1, 1]
[1, 1, 1]
--------------
Input:
[1, 0, 1]
[1, 1, 1]
[1, 0, 1]
--------------
Output:
[0, 0, 0]
[1, 1, 1]
[0, 0, 0]
--------------
 
===> 068/1/roger-bell-west.pl <===
1..2
ok 1 - example 1
ok 2 - example 2
 
===> 068/1/sgreen.pl <===
[ 0, 0, 0, 0 ]
[ 0, 0, 0, 0 ]
[ 0, 0, 0, 1 ]
 
===> 068/1/walt-mankowski.pl <===
[1, 0, 1]
[1, 1, 1]
[1, 1, 1]

[1, 0, 1]
[1, 1, 1]
[1, 0, 1]

[0, 0, 0]
[1, 0, 1]
[1, 0, 1]

[0, 0, 0]
[1, 0, 1]
[0, 0, 0]

 
===> 068/1/wanderdoc.pl <===
ok 1 - Example 1
ok 2 - Example 2
ok 3 - Example 3
1..3
