 
===> 201/2/0rir.raku <===
ok 1 - 
ok 2 - 
ok 3 - 
ok 4 - 
ok 5 - 
ok 6 - 
ok 7 - 
ok 8 - 
ok 9 - 
ok 10 - 
ok 11 - 
ok 12 - 
ok 13 - 
ok 14 - 
ok 15 - 
ok 16 - 
ok 17 - 
ok 18 - 
ok 19 - 
ok 20 - 
ok 21 - 
ok 22 - 
ok 23 - 
ok 24 - 
ok 25 - 
ok 26 - 
ok 27 - 
ok 28 - 
ok 29 - 
ok 30 - 
ok 31 - 
ok 32 - 
ok 33 - 
ok 34 - 
ok 35 - 
ok 36 - 
ok 37 - 
ok 38 - 
ok 39 - 
ok 40 - 
ok 41 - 
ok 42 - 
ok 43 - 
ok 44 - 
ok 45 - 
ok 46 - 
ok 47 - 
ok 48 - 
ok 49 - 
ok 50 - 
1..50

Input: $n = 25
 Output: 1958
 
===> 201/2/arne-sommer.raku <===
 
===> 201/2/athanasius.raku <===
Running the test suite
ok 1 - Example 
ok 2 - Smallest
ok 3 - Small   
ok 4 - Medium  
1..4
 
===> 201/2/bruce-gray.raku <===
1..3
ok 1 - 
ok 2 - 
ok 3 - 
 
===> 201/2/carlos-oliveira.raku <===
1 1 1 1 1
1 1 1 2
1 2 2
1 1 3
2 3
1 4
5

1 1 1 1 1 1
1 1 1 1 2
1 1 2 2
1 1 1 3
2 2 2
1 2 3
1 1 4
3 3
2 4
1 5
6
 
===> 201/2/deadmarshal.raku <===
 
===> 201/2/jaldhar-h-vyas.raku <===
7
 
===> 201/2/luca-ferrari.raku <===
 
===> 201/2/mark-anderson.raku <===
 
===> 201/2/pip.raku <===
1,1,1,1,1
1,1,1,2
1,1,3
1,2,2
1,4
2,3
5
5 => 7;
1
1 => 1;
1,1
2
2 => 2;
1,1,1
1,2
3
3 => 3;
1,1,1,1
1,1,2
1,3
2,2
4
4 => 5;
1,1,1,1,1
1,1,1,2
1,1,3
1,2,2
1,4
2,3
5
5 => 7;
1,1,1,1,1,1
1,1,1,1,2
1,1,1,3
1,1,2,2
1,1,4
1,2,3
1,5
2,2,2
2,4
3,3
6
6 => 11;
1,1,1,1,1,1,1
1,1,1,1,1,2
1,1,1,1,3
1,1,1,2,2
1,1,1,4
1,1,2,3
1,1,5
1,2,2,2
1,2,4
1,3,3
1,6
2,2,3
2,5
3,4
7
7 => 15;
1,1,1,1,1,1,1,1
1,1,1,1,1,1,2
1,1,1,1,1,3
1,1,1,1,2,2
1,1,1,1,4
1,1,1,2,3
1,1,1,5
1,1,2,2,2
1,1,2,4
1,1,3,3
1,1,6
1,2,2,3
1,2,5
1,3,4
1,7
2,2,2,2
2,2,4
2,3,3
2,6
3,5
4,4
8
8 => 22;
1,1,1,1,1,1,1,1,1
1,1,1,1,1,1,1,2
1,1,1,1,1,1,3
1,1,1,1,1,2,2
1,1,1,1,1,4
1,1,1,1,2,3
1,1,1,1,5
1,1,1,2,2,2
1,1,1,2,4
1,1,1,3,3
1,1,1,6
1,1,2,2,3
1,1,2,5
1,1,3,4
1,1,7
1,2,2,2,2
1,2,2,4
1,2,3,3
1,2,6
1,3,5
1,4,4
1,8
2,2,2,3
2,2,5
2,3,4
2,7
3,3,3
3,6
4,5
9
9 => 30;
1,1,1,1,1,1,1,1,1,1
1,1,1,1,1,1,1,1,2
1,1,1,1,1,1,1,3
1,1,1,1,1,1,2,2
1,1,1,1,1,1,4
1,1,1,1,1,2,3
1,1,1,1,1,5
1,1,1,1,2,2,2
1,1,1,1,2,4
1,1,1,1,3,3
1,1,1,1,6
1,1,1,2,2,3
1,1,1,2,5
1,1,1,3,4
1,1,1,7
1,1,2,2,2,2
1,1,2,2,4
1,1,2,3,3
1,1,2,6
1,1,3,5
1,1,4,4
1,1,8
1,2,2,2,3
1,2,2,5
1,2,3,4
1,2,7
1,3,3,3
1,3,6
1,4,5
1,9
10
2,2,2,2,2
2,2,2,4
2,2,3,3
2,2,6
2,3,5
2,4,4
2,8
3,3,4
3,7
4,6
5,5
10 => 42;
 
===> 201/2/polettix.raku <===
[1 1 1 1 1]
[1 1 1 2]
[1 1 3]
[1 2 2]
[1 4]
[2 3]
[5]
7
 
===> 201/2/roger-bell-west.raku <===
1..2
ok 1 - example 1
ok 2 - example 2
 
===> 201/2/ulrich-rieke.raku <===
7
