 
===> 253/2/0rir.raku <===
1..2
ok 1 - (2, 0, 3, 1, 4) <- [[1, 1, 0, 0, 0], [1, 1, 1, 1, 0], [1, 0, 0, 0, 0], [1, 1, 0, 0, 0], [1, 1, 1, 1, 1]]
ok 2 - (0, 2, 3, 1) <- [[1, 0, 0, 0], [1, 1, 1, 1], [1, 0, 0, 0], [1, 0, 0, 0]]

Input: @matrix = [[1, 1, 1, 0, 0], [1, 1, 1, 1, 0], [1, 0, 0, 0, 0], [1, 1, 0, 0, 0], [1, 1, 1, 1, 1]]
Output: (2 3 0 1 4)
 
===> 253/2/arne-sommer.raku <===
(0, 2, 3, 1)
 
===> 253/2/athanasius.raku <===

Challenge 253, Task #2: Weakest Row (Raku)

Running the test suite
ok 1 - Example 1
ok 2 - Example 2
ok 3 - Singleton
1..3
 
===> 253/2/bruce-gray.raku <===
((1 0 0 0 0) (1 1 0 0 0) (1 1 0 0 0) (1 1 1 1 0) (1 1 1 1 1))
((1 0 0 0) (1 0 0 0) (1 0 0 0) (1 1 1 1))
 
===> 253/2/laurent-rosenfeld.raku <===
1 1 0 0 0    ... 1 1 1 1 1     => (2 0 3 1 4)
1 0 0 0      ... 1 0 0 0       => (0 2 3 1)
 
===> 253/2/lubos-kolouch.raku <===
((0) (0) (0) (0) (0) (0 1 2 3 4) (0 1 2 3 4) (0 1 2 3 4) (0 1 2 3 4) (0 1 2 3 4))
((0) (0) (0) (0) (0 1 2 3) (0 1 2 3) (0 1 2 3) (0 1 2 3))
 
===> 253/2/luca-ferrari.raku <===
2, 0, 3, 1, 4
 
===> 253/2/mark-anderson.raku <===
((1 0 0 0 0) (1 1 0 0 0) (1 1 0 0 0) (1 1 1 1 0) (1 1 1 1 1))(2 0 3 1 4)
((1 0 0 0) (1 0 0 0) (1 0 0 0) (1 1 1 1))(0 2 3 1)
((0 0 0 0 0) (0 0 0 0 0) (0 0 0 0 0) (1 0 0 0 0) (1 1 0 0 0) (1 1 0 0 0) (1 1 1 1 0) (1 1 1 1 1) (1 1 1 1 1) (1 1 1 1 1))(1 3 5 9 0 6 2 4 7 8)
 
===> 253/2/packy-anderson.raku <===
Example 1:
Input: $matrix = [
                   [1, 1, 0, 0, 0],
                   [1, 1, 1, 1, 0],
                   [1, 0, 0, 0, 0],
                   [1, 1, 0, 0, 0],
                   [1, 1, 1, 1, 1]
                 ]
Output: (2, 0, 3, 1, 4)

Example 2:
Input: $matrix = [
                   [1, 0, 0, 0],
                   [1, 1, 1, 1],
                   [1, 0, 0, 0],
                   [1, 0, 0, 0]
                 ]
Output: (0, 2, 3, 1)
 
===> 253/2/roger-bell-west.raku <===
1..2
ok 1 - example 1
ok 2 - example 2
 
===> 253/2/wambash.raku <===
ok 1 - 
ok 2 - 
1..2
 
===> 253/2/witawayar.raku <===
ok 1 - 
ok 2 - 
1..2
