 
===> 168/1/adam-russell.pl <===
2, 3, 5, 7, 17, 29, 277, 367, 853, 14197, 43721, 1442968193, 792606555396977
 
===> 168/1/arne-sommer.pl <===
2, 3, 5, 7, 17, 29, 277, 367, 853, 14197, 43721, 1442968193, 792606555396977
 
===> 168/1/athanasius.pl <===
f(13) =
  2, 3, 5, 7, 17, 29, 277, 367, 853, 14197, 43721, 1442968193, 792606555396977
 
===> 168/1/cheok-yin-fung.pl <===
3
2
5
5
7
17
29
277
367
853
14197
43721
1442968193
792606555396977
2, 3, 5, 7, 17, 29, 277, 367, 853, 14197, 43721, 1442968193, 792606555396977
 
===> 168/1/dave-jacoby.pl <===
2 3 5 7 17 29 277 367 853 14197 43721 1442968193 792606555396977
 
===> 168/1/e-choroba.pl <===
1..1
ok 1
 
===> 168/1/jaldhar-h-vyas.pl <===
2, 3, 5, 7, 17, 29, 277, 367, 853, 14197, 43721, 1442968193, 792606555396977
 
===> 168/1/james-smith.pl <===

With normal ints (first 25)


3
2
5
7
17
29
277
367
853
14197
43721
1442968193
792606555396977
 
===> 168/1/julien-fiegehenn.pl <===
2 3 5 7 17 29 277 367 853 14197 43721 1442968193 792606555396977
 
===> 168/1/laurent-rosenfeld.pl <===
2 3 5 7 17 29 277 367 853 14197 43721 1442968193 792606555396977
 
===> 168/1/lubos-kolouch.pl <===
ok 1
1..1
 
===> 168/1/perlboy1967.pl <===
2
3
5
7
17
29
277
367
853
14197
43721
1442968193
792606555396977
 
===> 168/1/peter-campbell-smith.pl <===
f(13) = 2, 3, 5, 7, 17, 29, 277, 367, 853, 14197, 43721, 1442968193, 792606555396977
 
===> 168/1/polettix.pl <===
2, 3, 5, 7, 17, 29, 277, 367, 853, 14197, 43721, 1442968193, 792606555396977
 
===> 168/1/robert-dicicco.pl <===
2 3 5 7 17 29 277 367 853 14197 43721 1442968193 792606555396977 
 
===> 168/1/roger-bell-west.pl <===
1..1
ok 1 - example 1
 
===> 168/1/ryan-thompson.pl <===
2
3
5
7
17
29
277
367
853
14197
43721
1442968193
792606555396977
 
===> 168/1/wlmb.pl <===
2 3 5 7 17 29 277 367 853 14197 43721 1442968193 792606555396977
