 
===> 168/1/0rir.raku <===
f(13) = [2,3,5,7,17,29,277,367,853,14197,43721,1442968193,792606555396977]

1..2
ok 1 - Perrin
ok 2 - @Perrin-prime[0..12] 
 
===> 168/1/2colours.raku <===
f(13) = [2, 3, 5, 7, 17, 29, 277, 367, 853, 14197, 43721, 1442968193, 792606555396977]
 
===> 168/1/arne-sommer.raku <===
2, 3, 5, 7, 17, 29, 277, 367, 853, 14197, 43721, 1442968193, 792606555396977
 
===> 168/1/athanasius.raku <===
f(13) =
  2, 3, 5, 7, 17, 29, 277, 367, 853, 14197, 43721, 1442968193, 792606555396977
 
===> 168/1/bruce-gray.raku <===
1..2
ok 1 - 
ok 2 - 
 
===> 168/1/habere-et-dispetire.raku <===
2 3 5 7 17 29 277 367 853 14197 43721 1442968193 792606555396977
 
===> 168/1/laurent-rosenfeld.raku <===
(2 3 5 7 17 29 277 367 853 14197 43721 1442968193 792606555396977)
 
===> 168/1/luca-ferrari.raku <===
2
3
5
7
17
29
277
367
853
14197
43721
1442968193
792606555396977
 
===> 168/1/mark-anderson.raku <===
(2 3 5 7 17 29 277 367 853 14197 43721 1442968193 792606555396977)
 
===> 168/1/massa.raku <===
(2 3 5 7 17 29 277 367 853 14197 43721 1442968193 792606555396977)
 
===> 168/1/polettix.raku <===
2, 3, 5, 7, 17, 29, 277, 367, 853, 14197, 43721, 1442968193, 792606555396977
 
===> 168/1/rick-bychowski.raku <===
f(13) = [2 3 5 7 17 29 277 367 853 14197 43721 1442968193 792606555396977]
 
===> 168/1/robert-dicicco.raku <===
2 3 5 7 17 29 277 367 853 14197 43721 1442968193 792606555396977  
 
===> 168/1/roger-bell-west.raku <===
1..1
ok 1 - example 1
 
===> 168/1/ryan-thompson.raku <===
2
3
5
7
17
29
277
367
853
14197
43721
1442968193
792606555396977
 
===> 168/1/steve-g-lynn.raku <===
(2 3 5 7 17 29 277 367 853 14197 43721 1442968193 792606555396977)
 
===> 168/1/wambash.raku <===
2 3 5 7 17 29 277 367 853 14197 43721 1442968193 792606555396977
