 
===> 003/2/abigail.pl <===
1
1 1
1 2 1
1 3 3 1
1 4 6 4 1
1 5 10 10 5 1
1 6 15 20 15 6 1
1 7 21 35 35 21 7 1
1 8 28 56 70 56 28 8 1
1 9 36 84 126 126 84 36 9 1
 
===> 003/2/adam-russell.pl <===
         1 
        1 1 
       1 2 1 
      1 3 3 1 
     1 4 6 4 1 
    1 5 10 10 5 1 
   1 6 15 20 15 6 1 
  1 7 21 35 35 21 7 1 
 1 8 28 56 70 56 28 8 1 
1 9 36 84 126 126 84 36 9 1 
 
===> 003/2/andrezgz.pl <===
1
1 1
1 2 1
1 3 3 1
1 4 6 4 1
1 5 10 10 5 1
1 6 15 20 15 6 1
1 7 21 35 35 21 7 1
1 8 28 56 70 56 28 8 1
1 9 36 84 126 126 84 36 9 1
 
===> 003/2/athanasius.pl <===
   1 
   1    1 
   1    2    1 
   1    3    3    1 
   1    4    6    4    1 
   1    5   10   10    5    1 
   1    6   15   20   15    6    1 
   1    7   21   35   35   21    7    1 
   1    8   28   56   70   56   28    8    1 
   1    9   36   84  126  126   84   36    9    1 
 
===> 003/2/bob-lied.pl <===
1
1 1
1 2 1
1 3 3 1
1 4 6 4 1
1 5 10 10 5 1
1 6 15 20 15 6 1
1 7 21 35 35 21 7 1
1 8 28 56 70 56 28 8 1
1 9 36 84 126 126 84 36 9 1
 
===> 003/2/cliveholloway.pl <===
             1
            1 1
           1 2 1
          1 3 3 1
         1 4 6 4 1
       1 5 10 10 5 1
     1 6 15 20 15 6 1
    1 7 21 35 35 21 7 1
  1 8 28 56 70 56 28 8 1
1 9 36 84 126 126 84 36 9 1
 
===> 003/2/duncan-c-white.pl <===
row 1: 1
row 2: 1,1
row 3: 1,2,1
row 4: 1,3,3,1
row 5: 1,4,6,4,1
row 6: 1,5,10,10,5,1
row 7: 1,6,15,20,15,6,1
row 8: 1,7,21,35,35,21,7,1
row 9: 1,8,28,56,70,56,28,8,1
row 10: 1,9,36,84,126,126,84,36,9,1
 
===> 003/2/gustavo-chaves.pl <===
1
1 1
1 2 1
1 3 3 1
1 4 6 4 1
1 5 10 10 5 1
1 6 15 20 15 6 1
1 7 21 35 35 21 7 1
1 8 28 56 70 56 28 8 1
1 9 36 84 126 126 84 36 9 1
 
===> 003/2/james-smith.pl <===
1
1 1
1 2 1
1 3 3 1
1 4 6 4 1
1 5 10 10 5 1
1 6 15 20 15 6 1
1 7 21 35 35 21 7 1
1 8 28 56 70 56 28 8 1
1 9 36 84 126 126 84 36 9 1
 
===> 003/2/joelle-maslak.pl <===
                    1
                  1   1
                1   2   1
              1   3   3   1
            1   4   6   4   1
          1   5  10  10   5   1
        1   6  15  20  15   6   1
      1   7  21  35  35  21   7   1
    1   8  28  56  70  56  28   8   1
  1   9  36  84 126 126  84  36   9   1
 
===> 003/2/khalid.pl <===
                               1
                             1   1
                           1   2   1
                         1   3   3   1
                       1   4   6   4   1
                     1   5  10  10   5   1
                   1   6  15  20  15   6   1
                 1   7  21  35  35  21   7   1
               1   8  28  56  70  56  28   8   1
             1   9  36  84 126 126  84  36   9   1
 
===> 003/2/kian-meng-ang.pl <===
0: 1
1: 1 1
2: 1 2 1
3: 1 3 3 1
4: 1 4 6 4 1
5: 1 5 10 10 5 1
6: 1 6 15 20 15 6 1
7: 1 7 21 35 35 21 7 1
8: 1 8 28 56 70 56 28 8 1
9: 1 9 36 84 126 126 84 36 9 1
 
===> 003/2/lars-balker.pl <===
1
1 1
1 2 1
1 3 3 1
1 4 6 4 1
1 5 10 10 5 1
1 6 15 20 15 6 1
1 7 21 35 35 21 7 1
1 8 28 56 70 56 28 8 1
1 9 36 84 126 126 84 36 9 1
 
===> 003/2/laurent-rosenfeld.pl <===
1
1 1
1 2 1
1 3 3 1
1 4 6 4 1
1 5 10 10 5 1
1 6 15 20 15 6 1
1 7 21 35 35 21 7 1
1 8 28 56 70 56 28 8 1
1 9 36 84 126 126 84 36 9 1
 
===> 003/2/nick-logan.pl <===
1
1 1
1 2 1
1 3 3 1
1 4 6 4 1
1 5 10 10 5 1
1 6 15 20 15 6 1
1 7 21 35 35 21 7 1
1 8 28 56 70 56 28 8 1
1 9 36 84 126 126 84 36 9 1
 
===> 003/2/ruben-westerberg.pl <===
1 
1 1 
1 2 1 
1 3 3 1 
1 4 6 4 1 
1 5 10 10 5 1 
1 6 15 20 15 6 1 
1 7 21 35 35 21 7 1 
1 8 28 56 70 56 28 8 1 
1 9 36 84 126 126 84 36 9 1 
 
===> 003/2/ryan-thompson.pl <===
1
1 1
1 2 1
1 3 3 1
1 4 6 4 1
1 5 10 10 5 1
1 6 15 20 15 6 1
1 7 21 35 35 21 7 1
1 8 28 56 70 56 28 8 1
1 9 36 84 126 126 84 36 9 1
