 
===> 003/2/arne-sommer.raku <===
                             1
                          1     1
                       1     2     2
                    1     3     3     1
                 1     4     6     6     4
              1     5    10    10     5     1
           1     6    15    20    20    15     6
        1     7    21    35    35    21     7     1
     1     8    28    56    70    70    56    28     8
  1     9    36    84   126   126    84    36     9     1
 
===> 003/2/doug-schrag.raku <===
1
1 1
1 2 1
1 3 3 1
1 4 6 4 1
1 5 10 10 5 1
1 6 15 20 15 6 1
1 7 21 35 35 21 7 1
1 8 28 56 70 56 28 8 1
1 9 36 84 126 126 84 36 9 1
 
===> 003/2/fjwhittle.raku <===
1
1 1
1 2 1
1 3 3 1
1 4 6 4 1
1 5 10 10 5 1
1 6 15 20 15 6 1
1 7 21 35 35 21 7 1
1 8 28 56 70 56 28 8 1
1 9 36 84 126 126 84 36 9 1
 
===> 003/2/jaldhar-h-vyas.raku <===
1
1 1
1 2 1
1 3 3 1
1 4 6 4 1
1 5 10 10 5 1
1 6 15 20 15 6 1
1 7 21 35 35 21 7 1
1 8 28 56 70 56 28 8 1
1 9 36 84 126 126 84 36 9 1

 
===> 003/2/james-smith.raku <===
[1]
[1 1]
[1 2 1]
[1 3 3 1]
[1 4 6 4 1]
[1 5 10 10 5 1]
[1 6 15 20 15 6 1]
[1 7 21 35 35 21 7 1]
[1 8 28 56 70 56 28 8 1]
[1 9 36 84 126 126 84 36 9 1]
 
===> 003/2/joelle-maslak.raku <===
                    1
                  1   1
                1   2   1
              1   3   3   1
            1   4   6   4   1
          1   5  10  10   5   1
        1   6  15  20  15   6   1
      1   7  21  35  35  21   7   1
    1   8  28  56  70  56  28   8   1
  1   9  36  84 126 126  84  36   9   1
 
===> 003/2/laurent-rosenfeld.raku <===
1
1 1
1 2 1
1 3 3 1
1 4 6 4 1
1 5 10 10 5 1
1 6 15 20 15 6 1
1 7 21 35 35 21 7 1
1 8 28 56 70 56 28 8 1
1 9 36 84 126 126 84 36 9 1
 
===> 003/2/mark-senn.raku <===
                                        1
                                    1       1
                                1       2       1
                            1       3       3       1
                        1       4       6       4       1
                    1       5      10      10       5       1
                1       6      15      20      15       6       1
            1       7      21      35      35      21       7       1
        1       8      28      56      70      56      28       8       1
    1       9      36      84     126     126      84      36       9       1
1      10      45     120     210     252     210     120      45      10       1
 
===> 003/2/nick-logan.raku <===
1
1 1
1 2 1
1 3 3 1
1 4 6 4 1
1 5 10 10 5 1
1 6 15 20 15 6 1
1 7 21 35 35 21 7 1
1 8 28 56 70 56 28 8 1
1 9 36 84 126 126 84 36 9 1
 
===> 003/2/ohmycloud.raku <===
[1]
[1 1]
[1 2 1]
[1 3 3 1]
[1 4 6 4 1]
[1 5 10 10 5 1]
[1 6 15 20 15 6 1]
[1 7 21 35 35 21 7 1]
[1 8 28 56 70 56 28 8 1]
[1 9 36 84 126 126 84 36 9 1]
 
===> 003/2/rob4t.raku <===
1
1 1
1 2 1
1 3 3 1
1 4 6 4 1
1 5 10 10 5 1
1 6 15 20 15 6 1
1 7 21 35 35 21 7 1
1 8 28 56 70 56 28 8 1
1 9 36 84 126 126 84 36 9 1
 
===> 003/2/ruben-westerberg.raku <===
1
1 1
1 2 1
1 3 3 1
1 4 6 4 1
1 5 10 10 5 1
1 6 15 20 15 6 1
1 7 21 35 35 21 7 1
1 8 28 56 70 56 28 8 1
1 9 36 84 126 126 84 36 9 1
 
===> 003/2/ryan-thompson.raku <===
                    1
                  1   1
                1   2   1
              1   3   3   1
            1   4   6   4   1
          1   5  10  10   5   1
        1   6  15  20  15   6   1
      1   7  21  35  35  21   7   1
    1   8  28  56  70  56  28   8   1
  1   9  36  84 126 126  84  36   9   1
 
===> 003/2/simon-proctor.raku <===
                      1  
                    1   1  
                  1   2   1  
                1   3   3   1  
              1   4   6   4   1  
           1   5    10   10  5   1  
        1   6    15   20   15  6   1  
      1   7    21   35   35   21  7   1  
   1   8    28   56   70   56   28  8   1  
 1   9    36   84  126  126   84   36  9   1  
 
===> 003/2/stuart-little.raku <===
1
1 1
1 2 1
1 3 3 1
1 4 6 4 1
1 5 10 10 5 1
1 6 15 20 15 6 1
1 7 21 35 35 21 7 1
1 8 28 56 70 56 28 8 1
1 9 36 84 126 126 84 36 9 1
