 
===> 104/1/abigail.pl <===
0 1 1 2 1 3 2 3 1 4 3 5 2 5 3 4 1 5 4 7 3 8 5 7 2 7 5 8 3 7 4 5 1 6 5 9 4 11 7 10 3 11 8 13 5 12 7 9 2 9
 
===> 104/1/alexander-karelas.pl <===
0 01 12 13 24 15 36 27 38 19 410 311 512 213 514 315 416 117 518 419 720 321 822 523 724 225 726 527 828 329 730 431 532 133 634 535 936 437 1138 739 1040 341 1142 843 1344 545 1246 747 948 249 9
 
===> 104/1/athanasius.pl <===
fusc( 0) =  0	fusc( 1) =  1	fusc( 2) =  1	fusc( 3) =  2	fusc( 4) =  1	fusc( 5) =  3	fusc( 6) =  2	fusc( 7) =  3	fusc( 8) =  1	fusc( 9) =  4	fusc(10) =  3	fusc(11) =  5	fusc(12) =  2	fusc(13) =  5	fusc(14) =  3	fusc(15) =  4	fusc(16) =  1	fusc(17) =  5	fusc(18) =  4	fusc(19) =  7	fusc(20) =  3	fusc(21) =  8	fusc(22) =  5	fusc(23) =  7	fusc(24) =  2	fusc(25) =  7	fusc(26) =  5	fusc(27) =  8	fusc(28) =  3	fusc(29) =  7	fusc(30) =  4	fusc(31) =  5	fusc(32) =  1	fusc(33) =  6	fusc(34) =  5	fusc(35) =  9	fusc(36) =  4	fusc(37) = 11	fusc(38) =  7	fusc(39) = 10	fusc(40) =  3	fusc(41) = 11	fusc(42) =  8	fusc(43) = 13	fusc(44) =  5	fusc(45) = 12	fusc(46) =  7	fusc(47) =  9	fusc(48) =  2	fusc(49) =  9	fusc(50) =  7	
 
===> 104/1/bob-lied.pl <===
ok 1 - fusc( 0)
ok 2 - fusc( 1)
ok 3 - fusc( 2)
ok 4 - fusc( 3)
ok 5 - fusc( 4)
ok 6 - fusc( 5)
ok 7 - fusc( 6)
ok 8 - fusc( 7)
ok 9 - fusc( 8)
ok 10 - fusc( 9)
ok 11 - fusc(10)
ok 12 - fusc(11)
ok 13 - fusc(12)
ok 14 - fusc(13)
ok 15 - fusc(14)
ok 16 - fusc(15)
ok 17 - fusc(16)
ok 18 - fusc(20)
ok 19 - fusc(30)
ok 20 - fusc(40)
ok 21 - fusc(50)
ok 22 - fusc(60)
ok 23 - fusc(70)
ok 24 - fusc(80)
ok 25 - fusc(90)
1..25
 
===> 104/1/cheok-yin-fung.pl <===
  0  0
  1  1
  2  1
  3  2
  4  1
  5  3
  6  2
  7  3
  8  1
  9  4
 10  3
 11  5
 12  2
 13  5
 14  3
 15  4
 16  1
 17  5
 18  4
 19  7
 20  3
 21  8
 22  5
 23  7
 24  2
 25  7
 26  5
 27  8
 28  3
 29  7
 30  4
 31  5
 32  1
 33  6
 34  5
 35  9
 36  4
 37 11
 38  7
 39 10
 40  3
 41 11
 42  8
 43 13
 44  5
 45 12
 46  7
 47  9
 48  2
 49  9
 50  7
 
===> 104/1/colin-crain.pl <===
0, 1, 1, 2, 1, 3, 2, 3, 1, 4, 3, 5, 2, 5, 3, 4, 1, 5, 4, 7, 3, 8, 5, 7, 2, 7, 5, 8, 3, 7, 4, 5, 1, 6, 5, 9, 4, 11, 7, 10, 3, 11, 8, 13, 5, 12, 7, 9, 2, 9
 
===> 104/1/cristian-heredia.pl <===
0, 1, 1, 2, 1, 3, 2, 3, 1, 4, 3, 5, 2, 5, 3, 4, 1, 5, 4, 7, 3, 8, 5, 7, 2, 7, 5, 8, 3, 7, 4, 5, 1, 6, 5, 9, 4, 11, 7, 10, 3, 11, 8, 13, 5, 12, 7, 9, 2, 9, 7
 
===> 104/1/dave-jacoby.pl <===
0, 1, 1, 2, 1, 3, 2, 3, 1, 4, 3, 5, 2, 5, 3, 4, 1, 5, 4, 7, 3, 8, 5, 7, 2, 7, 5, 8, 3, 7, 4, 5, 1, 6, 5, 9, 4, 11, 7, 10, 3, 11, 8, 13, 5, 12, 7, 9, 2, 9, 7, 12, 5, 13, 8, 11, 3, 10, 7, 11, 4
 
===> 104/1/duncan-c-white.pl <===
0,1,1,2,1,3,2,3,1,4,3,5,2,5,3,4,1,5,4,7,3,8,5,7,2,7,5,8,3,7,4,5,1,6,5,9,4,11,7,10,3,11,8,13,5,12,7,9,2,9,
 
===> 104/1/e-choroba.pl <===
1..1
ok 1
 
===> 104/1/jaldhar-h-vyas.pl <===
0 1 1 2 1 3 2 3 1 4 3 5 2 5 3 4 1 5 4 7 3 8 5 7 2 7 5 8 3 7 4 5 1 6 5 9 4 11 7 10 3 11 8 13 5 12 7 9 2 9 
 
===> 104/1/jo-37.pl <===
0
1
1
2
1
3
2
3
1
4
3
5
2
5
3
4
1
5
4
7
3
8
5
7
2
7
5
8
3
7
4
5
1
6
5
9
4
11
7
10
3
11
8
13
5
12
7
9
2
9
 
===> 104/1/laurent-rosenfeld.pl <===
0 1 1 2 1 3 2 3 1 4 3 5 2 5 3 4 1 5 4 7 3 8 5 7 2 7 5 8 3 7 4 5 1 6 5 9 4 11 7 10 3 11 8 13 5 12 7 9 2 9
 
===> 104/1/lubos-kolouch.pl <===
ok 1
ok 2
1..2
 
===> 104/1/paulo-custodio.pl <===
0 1 1 2 1 3 2 3 1 4 3 5 2 5 3 4 1 5 4 7 3 8 5 7 2 7 5 8 3 7 4 5 1 6 5 9 4 11 7 10 3 11 8 13 5 12 7 9 2 9 
 
===> 104/1/perlboy1967.pl <===
0, 1, 1, 2, 1, 3, 2, 3, 1, 4, 3, 5, 2, 5, 3, 4, 1, 5, 4, 7, 3, 8, 5, 7, 2, 7, 5, 8, 3, 7, 4, 5, 1, 6, 5, 9, 4, 11, 7, 10, 3, 11, 8, 13, 5, 12, 7, 9, 2, 9
 
===> 104/1/pete-houston.pl <===
stock: 0 1 1 2 1 3 2 3 1 4 3 5 2 5 3 4 1 5 4 7 3 8 5 7 2 7 5 8 3 7 4 5 1 6 5 9 4 11 7 10 3 11 8 13 5 12 7 9 2 9
ahead: 0 1 1 2 1 3 2 3 1 4 3 5 2 5 3 4 1 5 4 7 3 8 5 7 2 7 5 8 3 7 4 5 1 6 5 9 4 11 7 10 3 11 8 13 5 12 7 9 2 9
 
===> 104/1/polettix.pl <===
1. fusc(0) = 0
2. fusc(1) = 1
3. fusc(2) = 1
4. fusc(3) = 2
5. fusc(4) = 1
6. fusc(5) = 3
7. fusc(6) = 2
8. fusc(7) = 3
9. fusc(8) = 1
10. fusc(9) = 4
11. fusc(10) = 3
12. fusc(11) = 5
13. fusc(12) = 2
14. fusc(13) = 5
15. fusc(14) = 3
16. fusc(15) = 4
17. fusc(16) = 1
18. fusc(17) = 5
19. fusc(18) = 4
20. fusc(19) = 7
21. fusc(20) = 3
22. fusc(21) = 8
23. fusc(22) = 5
24. fusc(23) = 7
25. fusc(24) = 2
26. fusc(25) = 7
27. fusc(26) = 5
28. fusc(27) = 8
29. fusc(28) = 3
30. fusc(29) = 7
31. fusc(30) = 4
32. fusc(31) = 5
33. fusc(32) = 1
34. fusc(33) = 6
35. fusc(34) = 5
36. fusc(35) = 9
37. fusc(36) = 4
38. fusc(37) = 11
39. fusc(38) = 7
40. fusc(39) = 10
41. fusc(40) = 3
42. fusc(41) = 11
43. fusc(42) = 8
44. fusc(43) = 13
45. fusc(44) = 5
46. fusc(45) = 12
47. fusc(46) = 7
48. fusc(47) = 9
49. fusc(48) = 2
50. fusc(49) = 9
 
===> 104/1/roger-bell-west.pl <===
1..1
ok 1 - example 1
 
===> 104/1/stuart-little.pl <===
0
1
1
2
1
3
2
3
1
4
3
5
2
5
3
4
1
5
4
7
3
8
5
7
2
7
5
8
3
7
4
5
1
6
5
9
4
11
7
10
3
11
8
13
5
12
7
9
2
9
 
===> 104/1/ulrich-rieke.pl <===
0 1 1 2 1 3 2 3 1 4 3 5 2 5 3 4 1 5 4 7 3 8 5 7 2 7 5 8 3 7 4 5 1 6 5 9 4 11 7 10 3 11 8 13 5 12 7 9 2 9 
 
===> 104/1/wanderdoc.pl <===
0: 0
1: 1
2: 1
3: 2
4: 1
5: 3
6: 2
7: 3
8: 1
9: 4
10: 3
11: 5
12: 2
13: 5
14: 3
15: 4
16: 1
17: 5
18: 4
19: 7
20: 3
21: 8
22: 5
23: 7
24: 2
25: 7
26: 5
27: 8
28: 3
29: 7
30: 4
31: 5
32: 1
33: 6
34: 5
35: 9
36: 4
37: 11
38: 7
39: 10
40: 3
41: 11
42: 8
43: 13
44: 5
45: 12
46: 7
47: 9
48: 2
49: 9
50: 7
