 
===> 158/1/0rir.raku <===
2, 3, 5, 7, 11, 23, 29, 41, 43, 47, 61, 67, 83, 89
 
===> 158/1/2colours.raku <===
2, 3, 5, 7, 11, 23, 29, 41, 43, 47, 61, 67, 83, 89
 
===> 158/1/arne-sommer.raku <===
2, 3, 5, 7, 11, 23, 29, 41, 43, 47, 61, 67, 83, 89
 
===> 158/1/athanasius.raku <===
Additive primes <= 100:

 2, 3, 5, 7, 11, 23, 29, 41, 43, 47, 61, 67, 83, 89
 
===> 158/1/laurent-rosenfeld.raku <===
2, 3, 5, 7, 11, 23, 29, 41, 43, 47, 61, 67, 83, 89
 
===> 158/1/luca-ferrari.raku <===
(2 3 5 7 11 23 29 41 43 47 61 67 83 89)
 
===> 158/1/mark-anderson.raku <===
(2 3 5 7 11 23 29 41 43 47 61 67 83 89)
 
===> 158/1/mohammad-anwar.raku <===
ok 1 - Example
1..1
 
===> 158/1/polettix.raku <===
2, 3, 5, 7, 11, 23, 29, 41, 43, 47, 61, 67, 83, 89
 
===> 158/1/robert-dicicco.raku <===
[2 3 5 7 11 23 29 41 43 47 61 67 83 89]
 
===> 158/1/roger-bell-west.raku <===
1..1
ok 1 - example 1
 
===> 158/1/ulrich-rieke.raku <===
2,3,5,7,11,23,29,41,43,47,61,67,83,89
 
===> 158/1/wambash.raku <===
2 3 5 7 11 23 29 41 43 47 61 67 83 89 101 113 131 137 139 151 157 173 179 191 193 197 199 223 227 229 241 263 269 281 283 311 313 317 331 337 353 359 373 379 397 401 409 421 443 449 461 463 467 487 557 571 577 593 599 601 607 641 643 647 661 683 719 733 739 751 757 773 797 809 821 823 827 829 863 881 883 887 911 919 937 953 971 977 991
