 
===> 158/1/0rir.raku <===
2, 3, 5, 7, 11, 23, 29, 41, 43, 47, 61, 67, 83, 89
 
===> 158/1/2colours.raku <===
2, 3, 5, 7, 11, 23, 29, 41, 43, 47, 61, 67, 83, 89
 
===> 158/1/arne-sommer.raku <===
2, 3, 5, 7, 11, 23, 29, 41, 43, 47, 61, 67, 83, 89
 
===> 158/1/athanasius.raku <===
Additive primes <= 100:

 2, 3, 5, 7, 11, 23, 29, 41, 43, 47, 61, 67, 83, 89
 
===> 158/1/bruce-gray.raku <===
2, 3, 5, 7, 11, 23, 29, 41, 43, 47, 61, 67, 83, 89
 
===> 158/1/colin-crain.raku <===
2 3 5 7 11 23 29 41 43 47 61 67 83 89
 
===> 158/1/laurent-rosenfeld.raku <===
2, 3, 5, 7, 11, 23, 29, 41, 43, 47, 61, 67, 83, 89
 
===> 158/1/luca-ferrari.raku <===
(2 3 5 7 11 23 29 41 43 47 61 67 83 89)
 
===> 158/1/mark-anderson.raku <===
(2 3 5 7 11 23 29 41 43 47 61 67 83 89)
 
===> 158/1/mohammad-anwar.raku <===
ok 1 - Example
1..1
 
===> 158/1/polettix.raku <===
2, 3, 5, 7, 11, 23, 29, 41, 43, 47, 61, 67, 83, 89
 
===> 158/1/robert-dicicco.raku <===
[2 3 5 7 11 23 29 41 43 47 61 67 83 89]
 
===> 158/1/roger-bell-west.raku <===
1..1
ok 1 - example 1
 
===> 158/1/ulrich-rieke.raku <===
2,3,5,7,11,23,29,41,43,47,61,67,83,89
 
===> 158/1/wambash.raku <===
2 3 5 7 11 23 29 41 43 47 61 67 83 89
