 
===> 070/2/arne-sommer.pl <===
[0, 1, 3, 2, 6, 7, 5, 4, 12, 13, 15, 14, 10, 11, 9, 8]
 
===> 070/2/athanasius.pl <===
Input:  $N = 4

Output: [0, 1, 3, 2, 6, 7, 5, 4, 12, 13, 15, 14, 10, 11, 9, 8]
 
===> 070/2/bob-lied.pl <===
  0    0
  1    1
  3   11
  2   10
  6  110
  7  111
  5  101
  4  100
 12 1100
 13 1101
 15 1111
 14 1110
 10 1010
 11 1011
  9 1001
  8 1000
 
===> 070/2/cheok-yin-fung.pl <===
0 1 3 2 6 7 5 4 12 13 15 14 10 11 9 8
 
===> 070/2/colin-crain.pl <===
[ 0, 1, 3, 2, 6, 7, 5, 4, 12, 13, 15, 14, 10, 11, 9, 8 ]
 
===> 070/2/dave-jacoby.pl <===
n: 4
[0, 1, 3, 2, 10, 11, 9, 8, 24, 25, 27, 26, 18, 19, 17, 16]
 
===> 070/2/duncan-c-white.pl <===
gray(4) = 0,1,3,2,6,7,5,4,12,13,15,14,10,11,9,8
 
===> 070/2/e-choroba.pl <===
ok 1
ok 2
ok 3
ok 4
ok 5
ok 6
ok 7
ok 8
ok 9
ok 10
ok 11
ok 12
1..12
 
===> 070/2/jaldhar-h-vyas.pl <===
[0, 1, 3, 2, 6, 7, 5, 4, 12, 13, 15, 14, 10, 11, 9, 8]
 
===> 070/2/javier-luque.pl <===
[0, 1, 3, 2, 6, 7, 5, 4, 12, 13, 15, 14, 10, 11, 9, 8]
 
===> 070/2/jo-37.pl <===
# Seeded srand with seed '1' from import arg.
ok 1 - example from challenge
1..1
 
===> 070/2/mohammad-anwar.pl <===
4-bit Gray Code Sequence:
[0, 1, 3, 2, 6, 7, 5, 4, 12, 13, 15, 14, 10, 11, 9, 8]
 
===> 070/2/perlboy1967.pl <===

Input: $N = 4
Output: [0, 1, 3, 2, 6, 7, 5, 4, 12, 13, 15, 14, 10, 11, 9, 8]
 
===> 070/2/pete-houston.pl <===
4-bit Gray code is 0, 1, 3, 2, 6, 7, 5, 4, 12, 13, 15, 14, 10, 11, 9, 8
 
===> 070/2/roger-bell-west.pl <===
1..1
ok 1 - example 1
 
===> 070/2/sgreen.pl <===
0 1 3 2 6 7 5 4 12 13 15 14 10 11 9 8
 
===> 070/2/ulrich-rieke.pl <===
0, 1, 3, 2, 6, 7, 5, 4, 12, 13, 15, 14, 10, 11, 9, 8
 
===> 070/2/walt-mankowski.pl <===
0 1 3 2 6 7 5 4 12 13 15 14 10 11 9 8
 
===> 070/2/wanderdoc.pl <===
ok 1 - Example 1
ok 2 - Example 2
ok 3 - Variation
1..3
