 
===> 070/2/arne-sommer.raku <===
[0, 1, 3, 2, 6, 7, 5, 4]
 
===> 070/2/ash.raku <===
0 1 3 2 6 7 5 4 12 13 15 14 10 11 9 8
 
===> 070/2/athanasius.raku <===
Input:  $N = 4

Output: [0, 1, 3, 2, 6, 7, 5, 4, 12, 13, 15, 14, 10, 11, 9, 8]
 
===> 070/2/colin-crain.raku <===
0 1 3 2 6 7 5 4 12 13 15 14 10 11 9 8
 
===> 070/2/jaldhar-h-vyas.raku <===
[0, 1, 3, 2, 6, 7, 5, 4, 12, 13, 15, 14, 10, 11, 9, 8]
 
===> 070/2/javier-luque.raku <===
[0, 1, 3, 2, 6, 7, 5, 4, 12, 13, 15, 14, 10, 11, 9, 8]
 
===> 070/2/jeongoon.raku <===
[0, 1, 3, 2, 6, 7, 5, 4, 12, 13, 15, 14, 10, 11, 9, 8]
 
===> 070/2/laurent-rosenfeld.raku <===
[0 1 3 2 6 7 5 4 12 13 15 14 10 11 9 8]
[[0] [0 1] [0 1 3 2] [0 1 3 2 6 7 5 4] [0 1 3 2 6 7 5 4 12 13 15 14 10 11 9 8]]
 
===> 070/2/luca-ferrari.raku <===
Grey sequence with width 4
(0 1 3 2 6 7 5 4 12 13 15 14 10 11 9 8)
 
===> 070/2/mark-anderson.raku <===
[0 1 3 2 6 7 5 4 12 13 15 14 10 11 9 8]
 
===> 070/2/mohammad-anwar.raku <===
4-bit Gray Code Sequence:
[0, 1, 3, 2, 6, 7, 5, 4, 12, 13, 15, 14, 10, 11, 9, 8]
 
===> 070/2/noud.raku <===
[0 1]
[0 1 3 2]
[0 1 3 2 6 7 5 4]
[0 1 3 2 6 7 5 4 12 13 15 14 10 11 9 8]
[0 1 3 2 6 7 5 4 12 13 15 14 10 11 9 8 24 25 27 26 30 31 29 28 20 21 23 22 18 19 17 16]
 
===> 070/2/roger-bell-west.raku <===
1..1
ok 1 - example 1
 
===> 070/2/shahed-nooshmand.raku <===
([] (0 1) (00 01 11 10) (000 001 011 010 110 111 101 100) (0000 0001 0011 0010 0110 0111 0101 0100 1100 1101 1111 1110 1010 1011 1001 1000))

( 0 1 00 01 11 10 000 001 011 010 110 111 101 100 0000 0001 0011 0010 0110 0111 0101 0100 1100 1101 1111 1110 1010 1011 1001 1000)
 
===> 070/2/simon-proctor.raku <===
(0 1 3 2 6 7 5 4 12 13 15 14 10 11 9 8)
 
===> 070/2/stuart-little.raku <===
(0 1 3 2 6 7 5 4 12 13 15 14 10 11 9 8)
 
===> 070/2/ulrich-rieke.raku <===
[0 1 3 2 6 7 5 4 12 13 15 14 10 11 9 8]
