 
===> 109/1/aaronreidsmith.raku <===
ok 1 - 
1..1
 
===> 109/1/arne-sommer.raku <===
0, 0, 0, 2, 0, 5, 0, 6, 3, 7, 0, 15, 0, 9, 8, 14, 0, 20, 0, 21
 
===> 109/1/athanasius.raku <===
Input:  20
Output: 0, 0, 0, 2, 0, 5, 0, 6, 3, 7, 0, 15, 0, 9, 8, 14, 0, 20, 0, 21
 
===> 109/1/brtastic.raku <===
0
0
0
2
0
5
0
6
3
7
0
15
0
9
8
14
0
20
0
21
 
===> 109/1/colin-crain.raku <===
C(1)  = 0
C(2)  = 0
C(3)  = 0
C(4)  = 2
C(5)  = 0
C(6)  = 5
C(7)  = 0
C(8)  = 6
C(9)  = 3
C(10) = 7
C(11) = 0
C(12) = 15
C(13) = 0
C(14) = 9
C(15) = 8
C(16) = 14
C(17) = 0
C(18) = 20
C(19) = 0
C(20) = 21
 
===> 109/1/feng-chang.raku <===
0 0 0 2 0 5 0 6 3 7 0 15 0 9 8 14 0 20 0 21
 
===> 109/1/jaldhar-h-vyas.raku <===
0, 0, 0, 2, 0, 5, 0, 6, 3, 7, 0, 15, 0, 9, 8, 14, 0, 20, 0, 21
 
===> 109/1/laurent-rosenfeld.raku <===
1	0
2	0
3	0
4	2
5	0
6	5
7	0
8	6
9	3
10	7
11	0
12	15
13	0
14	9
15	8
16	14
17	0
18	20
19	0
20	21
 
===> 109/1/luca-ferrari.raku <===
0,0,0,2,0,5,0,6,3,7,0,15,0,9,8,14,0,20,0,21
 
===> 109/1/mark-anderson.raku <===
0, 0, 0, 2, 0, 5, 0, 6, 3, 7, 0, 15, 0, 9, 8, 14, 0, 20, 0, 21
 
===> 109/1/mimosinnet.raku <===
ok 1 - 
1..1
 
===> 109/1/pjdurai.raku <===
0,0,0,2,0,5,0,6,3,7,0,15,0,9,8,14,0,20,0,21
 
===> 109/1/pkmnx.raku <===
[0 0 0 2 0 5 0 6 3 7 0 15 0 9 8 14 0 20 0 21]
 
===> 109/1/roger-bell-west.raku <===
1..1
ok 1 - example 1
 
===> 109/1/simon-proctor.raku <===
0,0,0,2,0,5,0,6,3,7,0,15,0,9,8,14,0,20,0,21
 
===> 109/1/ulrich-rieke.raku <===
[0 0 0 2 0 5 0 6 3 7 0 15 0 9 8 14 0 20 0 21]
 
===> 109/1/wambash.raku <===
ok 1 - 
ok 2 - 
1..2
