 
===> 014/1/andrezgz.pl <===
0, 0, 1, 0, 2, 0, 2, 2, 1, 6, 0, 5, 0, 2, 6, 5, 4, 0, 5, 3, 0, 3, 2, 9, 0, 4, 9, 3, 6, 14, 0, 6, 3, 5, 15, 0, 5, 3, 5, 2, 17, 0, 6, 11, 0, 3, 8, 0, 3, 3 
===> 014/1/athanasius.pl <===

The first 27 terms in Van Eck's sequence are:
0, 0, 1, 0, 2, 0, 2, 2, 1, 6, 0, 5, 0, 2, 6, 5, 4, 0, 5, 3, 0, 3, 2, 9, 0, 4, 9
 
===> 014/1/daniel-mantovani.pl <===
0 0 1 0 2 0 2 2 1 6 0 5 0 2 6 5 4 0 5 3 0 
 
===> 014/1/dave-jacoby.pl <===
n = 0 	 a[n] = 0
n = 1 	 a[n] = 0
n = 2 	 a[n] = 1
n = 3 	 a[n] = 0
n = 4 	 a[n] = 2
n = 5 	 a[n] = 0
n = 6 	 a[n] = 2
n = 7 	 a[n] = 2
n = 8 	 a[n] = 1
n = 9 	 a[n] = 6
n = 10 	 a[n] = 0
n = 11 	 a[n] = 5
n = 12 	 a[n] = 0
n = 13 	 a[n] = 2
n = 14 	 a[n] = 6
n = 15 	 a[n] = 5
n = 16 	 a[n] = 4
n = 17 	 a[n] = 0
n = 18 	 a[n] = 5
n = 19 	 a[n] = 3
n = 20 	 a[n] = 0
n = 21 	 a[n] = 3
n = 22 	 a[n] = 2
n = 23 	 a[n] = 9
n = 24 	 a[n] = 0
n = 25 	 a[n] = 4
n = 26 	 a[n] = 9
n = 27 	 a[n] = 3
n = 28 	 a[n] = 6
n = 29 	 a[n] = 14
n = 30 	 a[n] = 0
 
===> 014/1/e-choroba.pl <===
ok 1
1..1
 
===> 014/1/feng-chang.pl <===
0 0 1 0 2 0 2 2 1 6 0 5 0 2 6 5 4 0 5 3 0
 
===> 014/1/guillermo-ramos.pl <===
0 0 1 0 2 0 2 2 1 6 0 5 0 2 6 5 4 0 5 3
 
===> 014/1/gustavo-chaves.pl <===
0
0
1
0
2
0
2
2
1
6
0
5
0
2
6
5
4
0
5
3
 
===> 014/1/jaldhar-h-vyas.pl <===
0, 0, 1, 0, 2, 0, 2, 2, 1, 6, 0, 5, 0, 2, 6, 5, 4, 0, 5, 3, 0, 3, 2, 9, 0, 4, 9, 3, 6, 14, 0, 6, 3, 5, 15, 0, 5, 3, 5, 2, 17, 0, 6, 11, 0, 3, 8, 0, 3, 3, 1, 42, 0, 5, 15, 20, 0, 4, 32, 0, 3, 11, 18, 0, 4, 7, 0, 3, 7, 3, 2, 31, 0, 6, 31, 3, 6, 3, 2, 8, 33, 0, 9, 56, 0, 3, 8, 7, 19, 0, 5, 37, 0, 3, 8, 8, 1, 46, 0, 6, 23
 
===> 014/1/joelle-maslak.pl <===
0 0 1 0 2 0 2 2 1 6 0 5 0 2 6 5 4 0 5
 
===> 014/1/lakpatashi.pl <===
0 0 1 0 2 0 2 2 1 6 0 5 0 2 6 5 4 0 5 3 0
 
===> 014/1/laurent-rosenfeld.pl <===
0 0 1 0 2 0 2 2 1 6 0 5 0 2 6 5 4 0 5 3 0
 
===> 014/1/lubos-kolouch.pl <===
0,0,1,0,2,0,2,2,1,6,0,5,0,2,6,5,4,0,5,3
 
===> 014/1/paulo-custodio.pl <===
0, 0, 1, 0, 2, 0, 2, 2, 1, 6, 0, 5, 0, 2, 6, 5, 4, 0, 5, 3, 0, 3, 2, 9, 0, 4, 9, 3, 6, 14, 0, 6, 3, 5, 15, 0, 5, 3, 5, 2, 17, 0, 6, 11, 0, 3, 8, 0, 3, 3, 1, 42, 0, 5, 15, 20, 0, 4, 32, 0, 3, 11, 18, 0, 4, 7, 0, 3, 7, 3, 2, 31, 0, 6, 31, 3, 6, 3, 2, 8, 33, 0, 9, 56, 0, 3, 8, 7, 19, 0, 5, 37, 0, 3, 8, 8, 1
 
===> 014/1/roger-bell-west.pl <===
0 0 1 0 2 0 2 2 1 6 0 5 0 2 6 5 4 0 5 3 0  
===> 014/1/ruben-westerberg.pl <===
0, 0, 1, 0, 2, 0, 2, 2, 1, 6, 0, 5, 0, 2, 6, 5, 4, 0, 5, 3
 
===> 014/1/steven-wilson.pl <===
Printing the first 30 values in Van Eck's sequence:
0, 0, 1, 0, 2, 0, 2, 2, 1, 6, 0, 5, 0, 2, 6, 5, 4, 0, 5, 3, 0, 3, 2, 9, 0, 4, 9, 3, 6, 14, ...
 
===> 014/1/walt-mankowski.pl <===
0, 0, 1, 0, 2, 0, 2, 2, 1, 6, 0, 5, 0, 2, 6, 5, 4, 0, 5, 3
 
===> 014/1/yozen-hernandez.pl <===
0, 0, 1, 0, 2, 0, 2, 2, 1, 6, 0, 5, 0, 2, 6, 5, 4, 0, 5, 3, 0
