 
===> 014/1/arne-sommer.raku <===
0, 0, 1, 0, 2, 0, 2, 2, 1, 6
 
===> 014/1/athanasius.raku <===

The first 27 terms in Van Eck's sequence are:
0, 0, 1, 0, 2, 0, 2, 2, 1, 6, 0, 5, 0, 2, 6, 5, 4, 0, 5, 3, 0, 3, 2, 9, 0, 4, 9
 
===> 014/1/donald-hunter.raku <===
0, 0, 1, 0, 2, 0, 2, 2, 1, 6, 0, 5, 0, 2, 6, 5, 4, 0, 5, 3, 0, 3, 2, 9, 0, 4, 9, 3, 6, 14
0, 5, 33, 776, 0, 4, 28, 447, 0, 4, 4, 1, 20, 60, 185, 340, 350, 1473, 0, 10, 35, 411, 910, 0, 5, 23, 232, 2110, 0, 5
 
===> 014/1/feng-chang.raku <===
[0 0 1 0 2 0 2 2 1 6 0 5 0 2 6 5 4 0 5 3]
 
===> 014/1/fjwhittle.raku <===
0 0 1 0 2 0 2 2 1 6 0 5 0 2 6 5 4 0 5
 
===> 014/1/jaldhar-h-vyas.raku <===
0, 0, 1, 0, 2, 0, 2, 2, 1, 6, 0, 5, 0, 2, 6, 5, 4, 0, 5, 3, 0, 3, 2, 9, 0, 4, 9, 3, 6, 14, 0, 6, 3, 5, 15, 0, 5, 3, 5, 2, 17, 0, 6, 11, 0, 3, 8, 0, 3, 3, 1, 42, 0, 5, 15, 20, 0, 4, 32, 0, 3, 11, 18, 0, 4, 7, 0, 3, 7, 3, 2, 31, 0, 6, 31, 3, 6, 3, 2, 8, 33, 0, 9, 56, 0, 3, 8, 7, 19, 0, 5, 37, 0, 3, 8, 8, 1, 46, 0, 6, 23
 
===> 014/1/joelle-maslak.raku <===
0 0 1 0 2 0 2 2 1 6 0 5 0 2 6 5 4 0 5
 
===> 014/1/kevin-colyer.raku <===
ok 1 - First 18 items Van Eck's sequence correct
 
===> 014/1/laurent-rosenfeld.raku <===
[0 0 1 0 2 0 2 2 1 6 0 5 0 2 6 5 4 0 5 3 0]
 
===> 014/1/noud.raku <===
(0 0 1 0 2 0 2 2 1 6 0 5 0 2 6 5 4 0 5 3 0 3 2 9 0 4 9 3 6 14 0 6 3 5 15 0 5 3 5 2 17 0 6 11 0 3 8 0 3 3 1 42 0 5 15 20 0 4 32 0 3 11 18 0 4 7 0 3 7 3 2 31 0 6 31 3 6 3 2 8 33 0 9 56 0 3 8 7 19 0 5 37 0 3 8 8 1 46 0 6)
 
===> 014/1/ruben-westerberg.raku <===
0, 0, 1, 0, 2, 0, 2, 2, 1, 6, 0, 5, 0, 2, 6, 5, 4, 0, 5, 3, 0, 3, 2, 9, 0, 4, 9, 3, 6, 14, 0, 6, 3, 5, 15, 0, 5, 3, 5, 2, 17, 0, 6, 11, 0, 3, 8, 0, 3, 3, 1, 42, 0, 5, 15, 20, 0, 4, 32, 0, 3, 11, 18, 0, 4, 7, 0, 3, 7, 3, 2, 31, 0, 6, 31, 3, 6, 3, 2, 8, 33, 0, 9, 56, 0, 3, 8, 7, 19, 0, 5, 37, 0, 3, 8, 8, 1, 46, 0, 6, 23
 
===> 014/1/simon-proctor.raku <===
0,0,1,0,2,0,2,2,1,6,0,5,0,2,6,5,4,0,5,3,0,3,2,9,0,4,9,3,6,14,0,6,3,5,15,0,5,3,5,2,17,0,6,11,0,3,8,0,3,3,1,42,0,5,15,20,0,4,32,0,3,11,18,0,4,7,0,3,7,3,2,31,0,6,31,3,6,3,2,8,33,0,9,56,0,3,8,7,19,0,5,37,0,3,8,8,1,46,0,6
 
===> 014/1/stuart-little.raku <===
(0 0 1 0 2 0 2 2 1 6 0 5 0 2 6 5 4 0 5 3 0 3 2 9 0 4 9 3 6 14 0 6 3 5 15 0 5 3 5 2 17 0 6 11 0 3 8 0 3 3)
