 
===> 170/2/cheok-yin-fung.pl <===
1..8
ok 1 - Scalar test case I
ok 2 - Scalar test case II
ok 3 - Two vector test case I
ok 4 - Two vector test case II
ok 5 - Example Given
ok 6 - Example on English Wikipedia
ok 7 - Example on German Wikipedia
ok 8 - Example on French Wikipedia
 
===> 170/2/dario-mazzeo.pl <===
5 6 10 12  
7 8 14 16  
15 18 20 24  
21 24 28 32  
     
 
===> 170/2/dave-jacoby.pl <===

5	6	10	12
7	8	14	16
15	18	20	24
21	24	28	32


7	8	9	7	8	9	7	8	9
3	4	5	3	4	5	3	4	5
5	6	7	5	6	7	5	6	7
14	16	18	14	16	18	14	16	18
6	8	10	6	8	10	6	8	10
10	12	14	10	12	14	10	12	14
21	24	27	21	24	27	21	24	27
9	12	15	9	12	15	9	12	15
15	18	21	15	18	21	15	18	21


9	18	27	0	0	0	2	4	6
81	72	63	0	0	0	18	16	14
9	18	27	0	0	0	1	2	3
81	72	63	0	0	0	9	8	7

 
===> 170/2/duncan-c-white.pl <===
[ 1, 2 ]       [5, 6]
[ 3, 4 ]   k*  [7, 8]
is:
[  5  6 10 12 ]
[  7  8 14 16 ]
[ 15 18 20 24 ]
[ 21 24 28 32 ]

[ 1, -4, 7 ]       [8, -9, -6, 5]
[ -2, 3, 3 ]       [1, -3, -4, 7]
               k*  [2, 8, -8, -3]
                   [1, 2, -5, -1]
is:
[   8  -9  -6   5 -32  36  24 -20  56 -63 -42  35 ]
[   1  -3  -4   7  -4  12  16 -28   7 -21 -28  49 ]
[   2   8  -8  -3  -8 -32  32  12  14  56 -56 -21 ]
[   1   2  -5  -1  -4  -8  20   4   7  14 -35  -7 ]
[ -16  18  12 -10  24 -27 -18  15  24 -27 -18  15 ]
[  -2   6   8 -14   3  -9 -12  21   3  -9 -12  21 ]
[  -4 -16  16   6   6  24 -24  -9   6  24 -24  -9 ]
[  -2  -4  10   2   3   6 -15  -3   3   6 -15  -3 ]
 
===> 170/2/e-choroba.pl <===
1..4
ok 1
ok 2
ok 3
ok 4
 
===> 170/2/jaldhar-h-vyas.pl <===
 5  6 10 12 
 7  8 14 16 
15 18 20 24 
21 24 28 32 

 
===> 170/2/james-smith.pl <===
[      1      2 ]
[      3      4 ]

[      5      6 ]
[      7      8 ]

[      5      6     10     12 ]
[      7      8     14     16 ]
[     15     18     20     24 ]
[     21     24     28     32 ]

[      5      6     10     12 ]
[      7      8     14     16 ]
[     15     18     20     24 ]
[     21     24     28     32 ]

 
===> 170/2/jo-37.pl <===
a: 
[
 [1 2]
 [3 4]
]

ar: 
[
 [
  [
   [1 1]
   [1 1]
  ]
  [
   [2 2]
   [2 2]
  ]
 ]
 [
  [
   [3 3]
   [3 3]
  ]
  [
   [4 4]
   [4 4]
  ]
 ]
]

b: 
[
 [5 6]
 [7 8]
]

br: 
[
 [
  [
   [5 6]
   [7 8]
  ]
  [
   [5 6]
   [7 8]
  ]
 ]
 [
  [
   [5 6]
   [7 8]
  ]
  [
   [5 6]
   [7 8]
  ]
 ]
]

k: 
[
 [
  [
   [5 6]
   [7 8]
  ]
  [
   [10 12]
   [14 16]
  ]
 ]
 [
  [
   [15 18]
   [21 24]
  ]
  [
   [20 24]
   [28 32]
  ]
 ]
]


[
 [ 5  6 10 12]
 [ 7  8 14 16]
 [15 18 20 24]
 [21 24 28 32]
]

a: 
[
 [1 2]
 [3 4]
 [5 6]
]

ar: 
[
 [
  [
   [1 1 1]
   [1 1 1]
   [1 1 1]
   [1 1 1]
   [1 1 1]
  ]
  [
   [2 2 2]
   [2 2 2]
   [2 2 2]
   [2 2 2]
   [2 2 2]
  ]
 ]
 [
  [
   [3 3 3]
   [3 3 3]
   [3 3 3]
   [3 3 3]
   [3 3 3]
  ]
  [
   [4 4 4]
   [4 4 4]
   [4 4 4]
   [4 4 4]
   [4 4 4]
  ]
 ]
 [
  [
   [5 5 5]
   [5 5 5]
   [5 5 5]
   [5 5 5]
   [5 5 5]
  ]
  [
   [6 6 6]
   [6 6 6]
   [6 6 6]
   [6 6 6]
   [6 6 6]
  ]
 ]
]

b: 
[
 [ 7  8  9]
 [10 11 12]
 [13 14 15]
 [16 17 18]
 [19 20 21]
]

br: 
[
 [
  [
   [ 7  8  9]
   [10 11 12]
   [13 14 15]
   [16 17 18]
   [19 20 21]
  ]
  [
   [ 7  8  9]
   [10 11 12]
   [13 14 15]
   [16 17 18]
   [19 20 21]
  ]
 ]
 [
  [
   [ 7  8  9]
   [10 11 12]
   [13 14 15]
   [16 17 18]
   [19 20 21]
  ]
  [
   [ 7  8  9]
   [10 11 12]
   [13 14 15]
   [16 17 18]
   [19 20 21]
  ]
 ]
 [
  [
   [ 7  8  9]
   [10 11 12]
   [13 14 15]
   [16 17 18]
   [19 20 21]
  ]
  [
   [ 7  8  9]
   [10 11 12]
   [13 14 15]
   [16 17 18]
   [19 20 21]
  ]
 ]
]

k: 
[
 [
  [
   [ 7  8  9]
   [10 11 12]
   [13 14 15]
   [16 17 18]
   [19 20 21]
  ]
  [
   [14 16 18]
   [20 22 24]
   [26 28 30]
   [32 34 36]
   [38 40 42]
  ]
 ]
 [
  [
   [21 24 27]
   [30 33 36]
   [39 42 45]
   [48 51 54]
   [57 60 63]
  ]
  [
   [28 32 36]
   [40 44 48]
   [52 56 60]
   [64 68 72]
   [76 80 84]
  ]
 ]
 [
  [
   [ 35  40  45]
   [ 50  55  60]
   [ 65  70  75]
   [ 80  85  90]
   [ 95 100 105]
  ]
  [
   [ 42  48  54]
   [ 60  66  72]
   [ 78  84  90]
   [ 96 102 108]
   [114 120 126]
  ]
 ]
]


[
 [  7   8   9  14  16  18]
 [ 10  11  12  20  22  24]
 [ 13  14  15  26  28  30]
 [ 16  17  18  32  34  36]
 [ 19  20  21  38  40  42]
 [ 21  24  27  28  32  36]
 [ 30  33  36  40  44  48]
 [ 39  42  45  52  56  60]
 [ 48  51  54  64  68  72]
 [ 57  60  63  76  80  84]
 [ 35  40  45  42  48  54]
 [ 50  55  60  60  66  72]
 [ 65  70  75  78  84  90]
 [ 80  85  90  96 102 108]
 [ 95 100 105 114 120 126]
]

 
===> 170/2/laurent-rosenfeld.pl <===
Test 1:
   5    6   10   12 
   7    8   14   16 
  15   18   20   24 
  21   24   28   32 

Test 2:
   5    6   10   12   15   18 
   7    8   14   16   21   24 
   9   10   18   20   27   30 
  10   12   15   18   20   24 
  14   16   21   24   28   32 
  18   20   27   30   36   40 

Test 3:
   5   10   15    6   12   18 
  10   15   20   12   18   24 
   7   14   21    8   16   24 
  14   21   28   16   24   32 
   9   18   27   10   20   30 
  18   27   36   20   30   40 
 
===> 170/2/lubos-kolouch.pl <===
ok 1
1..1
 
===> 170/2/mattneleigh.pl <===

    [  5  6 10 12 ]
    [  7  8 14 16 ]
    [ 15 18 20 24 ]
    [ 21 24 28 32 ]

    [   9  18  27  36  45  54  63  72 ]
    [  10  20  30  40  50  60  70  80 ]
    [  11  22  33  44  55  66  77  88 ]
    [  12  24  36  48  60  72  84  96 ]
    [  13  26  39  52  65  78  91 104 ]
    [  14  28  42  56  70  84  98 112 ]
    [  15  30  45  60  75  90 105 120 ]
    [  16  32  48  64  80  96 112 128 ]

 
===> 170/2/perlboy1967.pl <===
A:
[ 1 2 ]
[ 3 4 ]

B:
[ 5 6 ]
[ 7 8 ]

A x B:
[  5  6 10 12 ]
[  7  8 14 16 ]
[ 15 18 20 24 ]
[ 21 24 28 32 ]

ok 1
=======================================
A:
[ 1 ]
[ 2 ]

B:
[ 3 5 ]
[ 4 6 ]

A x B:
[  3  5 ]
[  4  6 ]
[  6 10 ]
[  8 12 ]

ok 2
=======================================
A:
[ 1 2 ]

B:
[ 5 6 ]
[ 7 8 ]

A x B:
[  5  6 10 12 ]
[  7  8 14 16 ]

ok 3
=======================================
A:
[ 1 2 ]
[ 3 4 ]

B:
[ 5 6 7 ]

A x B:
[  5  6 10 12 14 ]
[ 15 18 20 24 28 ]

ok 4
=======================================
A:
[ 1 2 ]

B:
[ 3 ]
[ 4 ]

A x B:
[ 3 6 ]
[ 4 8 ]

ok 5
=======================================
A:
[ 1 2 3 ]

B:
[ 4 ]
[ 5 ]

A x B:
[  4  8 12 ]
[  5 10 15 ]

ok 6
=======================================
A:
[ 1 2 3 ]
[ 4 5 6 ]
[ 7 8 9 ]

B:
[ 9 8 7 ]
[ 6 5 4 ]
[ 3 2 1 ]

A x B:
[  9  8  7 18 16 14 27 24 21 ]
[  6  5  4 12 10  8 18 15 12 ]
[  3  2  1  6  4  2  9  6  3 ]
[ 36 32 28 45 40 35 54 48 42 ]
[ 24 20 16 30 25 20 36 30 24 ]
[ 12  8  4 15 10  5 18 12  6 ]
[ 63 56 49 72 64 56 81 72 63 ]
[ 42 35 28 48 40 32 54 45 36 ]
[ 21 14  7 24 16  8 27 18  9 ]

ok 7
1..7
 
===> 170/2/peter-campbell-smith.pl <===
A = [ 1 2 ]
    [ 3 4 ]

B = [ 5 6 ]
    [ 7 8 ]

A x B = [  5  6 10 12 ]
        [  7  8 14 16 ]
        [ 15 18 20 24 ]
        [ 21 24 28 32 ]

-----

A = [  1 -4  7 ]
    [ -2  3  3 ]

B = [  8 -9 -6  5 ]
    [  1 -3 -4  7 ]
    [  2  8 -8 -3 ]
    [  1  2 -5 -1 ]

A x B = [   8  -9  -6   5 -32  36  24 -20  56 -63 -42  35 ]
        [   1  -3  -4   7  -4  12  16 -28   7 -21 -28  49 ]
        [   2   8  -8  -3  -8 -32  32  12  14  56 -56 -21 ]
        [   1   2  -5  -1  -4  -8  20   4   7  14 -35  -7 ]
        [ -16  18  12 -10  24 -27 -18  15  24 -27 -18  15 ]
        [  -2   6   8 -14   3  -9 -12  21   3  -9 -12  21 ]
        [  -4 -16  16   6   6  24 -24  -9   6  24 -24  -9 ]
        [  -2  -4  10   2   3   6 -15  -3   3   6 -15  -3 ]

-----

 
===> 170/2/polettix.pl <===
K
   5.00000    6.00000   10.00000   12.00000 
   7.00000    8.00000   14.00000   16.00000 
  15.00000   18.00000   20.00000   24.00000 
  21.00000   24.00000   28.00000   32.00000 
 
===> 170/2/roger-bell-west.pl <===
1..1
ok 1 - example 1
 
===> 170/2/ryan-thompson.pl <===
[   5   6  10  12 ]
[   7   8  14  16 ]
[  15  18  20  24 ]
[  21  24  28  32 ]
 
===> 170/2/steve-g-lynn.pl <===
5 6 10 12 
7 8 14 16 
15 18 20 24 
21 24 28 32 
