 
===> 144/2/abigail.pl <===
1, 2, 3, 4, 6, 8, 11, 13, 16, 18
2, 3, 5, 7, 8, 9, 13, 14, 18, 19
2, 5, 7, 9, 11, 12, 13, 15, 19, 23
 
===> 144/2/adam-russell.pl <===
1, 2, 3, 4, 6, 8, 11, 13, 16, 18
2, 3, 5, 7, 8, 9, 13, 14, 18, 19
2, 5, 7, 9, 11, 12, 13, 15, 19, 23
 
===> 144/2/alexander-pankoff.pl <===
1, 2, 3, 4, 6, 8, 11, 13, 16, 18
 
===> 144/2/athanasius.pl <===
Input:  $u = 1, $v = 2
Output: 1, 2, 3, 4, 6, 8, 11, 13, 16, 18
 
===> 144/2/colin-crain.pl <===
13 17 30 43 47 56 64 69 81 82 90 95 98 108 115 116 121 124 132 134 142 147 149 150 158 160 166 168 173 176 183 184
 
===> 144/2/dave-jacoby.pl <===
--------------------
    Input:   $u = 1, $v = 2
    Output: 1, 2, 3, 4, 6, 8, 11, 13, 16, 18

--------------------
    Input:   $u = 2, $v = 3
    Output: 2, 3, 5, 7, 8, 9, 13, 14, 18, 19

--------------------
    Input:   $u = 2, $v = 5
    Output: 2, 5, 7, 9, 11, 12, 13, 15, 19, 23

--------------------
    Input:   $u = 5, $v = 7
    Output: 5, 7, 12, 17, 19, 22, 26, 27, 32, 33

 
===> 144/2/duncan-c-white.pl <===
1, 2, 3, 4, 6, 8, 11, 13, 16, 18
 
===> 144/2/e-choroba.pl <===
# Seeded srand with seed '1234' from import arg.
1..4
ok 1 - Example 1
ok 2 - Example 2
ok 3 - Example 3
ok 4 - (1,3)-U
 
===> 144/2/jaldhar-h-vyas.pl <===
1, 2, 3, 4, 6, 8, 11, 13, 16, 18
 
===> 144/2/james-smith.pl <===
1 2 3 4 6 8 11 13 16 18 26 28 36 38 47 48 53 57 62 69 72 77 82 87 97 99 102 106 114 126 131 138 145 148 155 175 177 180 182 189 197 206 209 219 221 236 238 241 243 253 258 260 273 282 309 316 319 324 339 341 356 358 363 370 382 390 400 402 409 412 414 429 431 434 441 451 456 483 485 497 502 522 524 544 546 566 568 585 602 605 607 612 624 627 646 668 673 685 688 690
2 3 5 7 8 9 13 14 18 19 24 25 29 30 35 36 40 41 46 51 56 63 68 72 73 78 79 83 84 89 94 115 117 126 153 160 165 169 170 175 176 181 186 191 212 214 230 235 240 245 266 273 278 283 288 325 331 332 337 342 343 348 353 354 358 359 364 369 392 401 428 440 444 445 450 462 467 472 477 482 489 509 537 541 542 547 548 553 558 563 579 586 595 602 607 612 617 640 645 650
2 5 7 9 11 12 13 15 19 23 27 29 35 37 41 43 45 49 51 55 61 67 69 71 79 83 85 87 89 95 99 107 109 119 131 133 135 137 139 141 145 149 153 155 161 163 167 169 171 175 177 181 187 193 195 197 205 209 211 213 215 221 225 233 235 245 257 259 261 263 265 267 271 275 279 281 287 289 293 295 297 301 303 307 313 319 321 323 331 335 337 339 341 347 351 359 361 371 383 385
1 2 3 4 6 8 11 13 16 18 26 28 36 38 47 48 53 57 62 69 72 77 82 87 97 99 102 106 114 126 131 138 145 148 155 175 177 180 182 189 197 206 209 219 221 236 238 241 243 253 258 260 273 282 309 316 319 324 339 341 356 358 363 370 382 390 400 402 409 412 414 429 431 434 441 451 456 483 485 497 502 522 524 544 546 566 568 585 602 605 607 612 624 627 646 668 673 685 688 690
1 2 3 4 6 8 11 13 16 18 26 28 36 38 47 48 53 57 62 69 72 77 82 87 97 99 102 106 114 126 131 138 145 148 155 175 177 180 182 189 197 206 209 219 221 236 238 241 243 253 258 260 273 282 309 316 319 324 339 341 356 358 363 370 382 390 400 402 409 412 414 429 431 434 441 451 456 483 485 497 502 522 524 544 546 566 568 585 602 605 607 612 624 627 646 668 673 685 688 690
 
===> 144/2/laurent-rosenfeld.pl <===
1 2 => 1 2 3 4 6 8 11 13 16 18 26 28
2 3 => 2 3 5 7 8 9 13 14 18 19 24 25
2 5 => 2 5 7 9 11 12 13 15 19 23 27 29
 
===> 144/2/paulo-custodio.pl <===
1, 2, 3, 4, 6, 8, 11, 13, 16, 18
 
===> 144/2/perlboy1967.pl <===
Input: $u = 2, $v = 5, $n = 10
Output: 2,5,7,9,11,12,13,15,19,23
 
===> 144/2/peter-campbell-smith.pl <===

10 terms of the Ulam sequence starting with 1, 2:
1 2 3 4 6 8 11 13 16 18 

10 terms of the Ulam sequence starting with 2, 3:
2 3 5 7 8 9 13 14 18 19 

100 terms of the Ulam sequence starting with 2, 5:
2 5 7 9 11 12 13 15 19 23 27 29 35 37 41 43 45 49 51 55 61 67 69 71 79 83 85 87 89 95 99 107 109 119 131 133 135 137 139 141 145 149 153 155 161 163 167 169 171 175 177 181 187 193 195 197 205 209 211 213 215 221 225 233 235 245 257 259 261 263 265 267 271 275 279 281 287 289 293 295 297 301 303 307 313 319 321 323 331 335 337 339 341 347 351 359 361 371 383 385 
 
===> 144/2/polettix.pl <===
1, 2, 3, 4, 6, 8, 11, 13, 16, 18
 
===> 144/2/roger-bell-west.pl <===
1..3
ok 1 - example 1
ok 2 - example 2
ok 3 - example 3
 
===> 144/2/sgreen.pl <===
1, 2, 3, 4, 6, 8, 11, 13, 16, 18
 
===> 144/2/ulrich-rieke.pl <===
1,2,3,4,6,8,11,13,16,18
 
===> 144/2/wlmb.pl <===
Output: [1 2 3 4 6 8 11 13 16 18]
